$crassa_BA_sex
       Geneid methylation  expression
7    Ntsc1048  0.15189873  6.64283268
77   Ntsc1118  0.12500000  5.83819602
134  Ntsc1175  0.00000000  8.62413580
205  Ntsc1246  0.11111111  2.15093765
293  Ntsc1334  0.14583333  7.48172320
330  Ntsc1371  0.12765957  3.19266171
364  Ntsc1405  0.00000000  8.01491901
385  Ntsc1426  0.00000000  3.69262602
398  Ntsc1439  0.15306122  7.14659469
412  Ntsc1454  0.15384615  1.18611323
414  Ntsc1456  0.12280702  4.76704906
443  Ntsc1485  0.12371134  3.86480817
674  Ntsc1716  0.13043478  0.00000000
705  Ntsc1747  0.06250000 -1.21319400
725  Ntsc1767  0.13888889  9.87485122
734  Ntsc1776  0.08888889  9.80552730
739  Ntsc1781  0.09090909  9.20784785
890  Ntsc1932  0.12000000 -1.77844011
928  Ntsc1970  0.12121212 10.48096692
1010 Ntsc2052  0.14473684  8.17579624
1076 Ntsc2118  0.13333333  6.24438797
1082 Ntsc2124  0.09677419  7.09041969
1124 Ntsc2167  0.13636364  6.81194023
1307 Ntsc2350  0.00000000  2.12815296
1308 Ntsc2351  0.11864407 -0.04598713
1376 Ntsc2419  0.15384615  1.41040148
1433 Ntsc2476  0.10256410  0.00000000
1475 Ntsc2518  0.15555556  1.96563413
1513 Ntsc2556  0.13513514 -0.48258465
1517 Ntsc2560  0.09952607  8.83081949
1531 Ntsc2574  0.15254237  8.19609735
1571 Ntsc2614  0.11538462  3.22074544
1626 Ntsc2669  0.15068493 -1.30420812
1666 Ntsc2709  0.13043478  4.38202405
1690 Ntsc2733  0.09230769  9.10443601
1711 Ntsc2754  0.15625000  1.92184358
1744 Ntsc2787  0.12048193  2.05977529
1949 Ntsc2994  0.15555556  6.12180079
2041 Ntsc3086  0.15254237  3.20509789
2101 Ntsc3146  0.15492958 10.62254633
2104 Ntsc3149  0.15254237  1.46681522
2252 Ntsc3297  0.13548387  9.14623689
2593 Ntsc3638  0.13333333  2.46200707
2664 Ntsc3710  0.00000000  5.67473330
2698 Ntsc3744  0.14117647  9.02986291
2726 Ntsc3772  0.11627907  7.00835428
2781 Ntsc3827  0.13043478  5.65738836
2837 Ntsc3883  0.14285714  2.95600979
2847 Ntsc3893  0.09230769  6.67742135
2972 Ntsc4019  0.14000000  8.37317234
2983 Ntsc4030  0.15503876  8.42865185
3080 Ntsc4127  0.15503876  8.20334928
3168 Ntsc4215  0.15625000  8.90055884
3466 Ntsc4513  0.14062500  6.50828208
3509 Ntsc4556  0.14893617  7.09327330
3663 Ntsc4710  0.15384615 -0.84927098
3712 Ntsc4759  0.10526316 -1.43749471
3728 Ntsc4775  0.14516129  2.29803449
3831 Ntsc4878  0.13157895  8.31069358
3897 Ntsc4944  0.14062500  9.39411613
3982 Ntsc5029  0.14285714  8.63181144
4115 Ntsc5162  0.14792899  7.13681552
4138 Ntsc5185  0.10344828  7.93414673
4144 Ntsc5191  0.10317460 10.66850901
4236 Ntsc5283  0.14814815  9.73045098
4277 Ntsc5325  0.14754098  2.99766249
4301 Ntsc5349  0.15662651  8.82083166
4333 Ntsc5381  0.14960630  9.25225978
4346 Ntsc5394  0.00000000  2.30345299
4362 Ntsc5410  0.15686275  9.66229937
4383 Ntsc5431  0.11881188  6.26324880
4396 Ntsc5444  0.13274336  8.26912741
4404 Ntsc5452  0.12962963  5.00057399
4460 Ntsc5508  0.13043478 -0.51176984
4461 Ntsc5509  0.07644306  8.26283616
4496 Ntsc5544  0.08333333  7.99776542
4608 Ntsc5656  0.14876033  5.78989528
4771 Ntsc5819  0.13333333  4.29219742
4777 Ntsc5825  0.12903226  0.16912927
4778 Ntsc5826  0.14457831  4.51964369
4890 Ntsc5938  0.13461538  1.69598743
4968 Ntsc6016  0.14814815  4.11581628
4990 Ntsc6038  0.09302326  6.91955746
5029 Ntsc6077  0.12500000  1.56132220
5096 Ntsc6144  0.00000000  8.10275792
5105 Ntsc6153  0.14583333  4.01337850
5147 Ntsc6195  0.15517241  8.07479318
5174 Ntsc6222  0.15000000  7.93254170
5264 Ntsc6312  0.14678899 -0.66070340
5420 Ntsc6469  0.15517241  6.03189320
5516 Ntsc6565  0.07865169  7.90036016
5541 Ntsc6591  0.11111111  0.69798183
5546 Ntsc6596  0.10526316  6.82508985
5558 Ntsc6608  0.15000000  2.86577071
5578 Ntsc6629  0.15151515  7.73976969
5623 Ntsc6674  0.15454545  8.81180101
5630 Ntsc6681  0.07142857  1.81411015
5679 Ntsc6730  0.14516129  1.27631557
5696 Ntsc6747  0.10810811  5.96540822
5734 Ntsc6785  0.14159292  9.74279963
5962 Ntsc7013  0.13953488 -2.39915847
5974 Ntsc7025  0.04000000  1.02926243
5991 Ntsc7042  0.12500000  4.76677016
5997 Ntsc7048  0.11538462  5.00049913
6001 Ntsc7052  0.12000000  7.68061710
6054 Ntsc7105  0.10000000 -0.58104369
6064 Ntsc7115  0.06666667  2.26974119
6068 Ntsc7119  0.08333333  0.60725059
6158 Ntsc7209  0.12500000  8.37973268
6178 Ntsc7229  0.13793103  7.30184120
6197 Ntsc7248  0.13422819  8.17991700
6236 Ntsc7287  0.11111111  7.41657378
6250 Ntsc7301  0.07462687  5.65103319
6258 Ntsc7309  0.15454545  6.90174808
6352 Ntsc7404  0.14903846  0.24337843
6358 Ntsc7410  0.10000000  7.55667680
6378 Ntsc7430  0.14634146  2.51544305
6432 Ntsc7484  0.15686275  4.48741931
6433 Ntsc7485  0.13793103  6.06193679
6465 Ntsc7517  0.12643678  0.62340794
6468 Ntsc7520  0.13333333  7.78667303
6513 Ntsc7565  0.15151515 -0.68544992
6536 Ntsc7588  0.12500000  3.50952543
6574 Ntsc7626  0.10743802  7.13218379
6690 Ntsc7743  0.14782609  5.13886987
6715 Ntsc7768  0.13043478  5.99922495
6730 Ntsc7783  0.15438596  9.63184947
6761 Ntsc7814  0.15306122  7.39461033
6796 Ntsc7849  0.08695652  1.79665181
6933 Ntsc7986  0.00000000  1.31717366
6964 Ntsc8017  0.00000000  4.98937623
6966 Ntsc8019  0.14285714  8.25394186
7010 Ntsc8063  0.15671642  7.11922387
7037 Ntsc8090  0.15428571  7.87309346
7061 Ntsc8114  0.11627907  6.33342380
7070 Ntsc8123  0.15000000 -0.99366638
7074 Ntsc8127  0.14864865  8.41945276
7084 Ntsc8137  0.14754098  5.74262316
7099 Ntsc8152  0.14062500 -2.30133698

$crassa_sa_sex
       Geneid methylation  expression
4    Ntsc1045  0.14893617 12.01282718
78   Ntsc1119  0.15151515  4.59511512
80   Ntsc1121  0.05882353  0.13252290
96   Ntsc1137  0.15602837  3.69387555
134  Ntsc1175  0.00000000  8.73707244
205  Ntsc1246  0.15277778  2.14769052
339  Ntsc1380  0.14606742  6.40986500
404  Ntsc1445  0.13333333 -2.20760099
412  Ntsc1454  0.11538462  1.18249142
557  Ntsc1599  0.14285714  8.61866106
637  Ntsc1679  0.07894737  3.36018600
657  Ntsc1699  0.13333333  1.76389487
662  Ntsc1704  0.14634146  0.03614685
704  Ntsc1746  0.15517241  0.00000000
705  Ntsc1747  0.09375000 -1.21296799
819  Ntsc1861  0.13333333  5.23991979
1009 Ntsc2051  0.14606742  2.65507579
1080 Ntsc2122  0.12903226 -0.57700896
1124 Ntsc2167  0.09090909  6.79931738
1140 Ntsc2183  0.08695652  8.65161691
1153 Ntsc2196  0.13761468  8.53277259
1196 Ntsc2239  0.15444015 10.02610453
1253 Ntsc2296  0.00000000 -2.06467343
1270 Ntsc2313  0.13274336  9.45087680
1307 Ntsc2350  0.00000000  1.82588052
1308 Ntsc2351  0.11864407 -0.06451984
1363 Ntsc2406  0.14925373  1.05304647
1376 Ntsc2419  0.07692308  1.47590160
1421 Ntsc2464  0.11764706 -2.39914161
1429 Ntsc2472  0.12500000 -1.92152900
1433 Ntsc2476  0.10256410  0.00000000
1447 Ntsc2490  0.13043478  5.80423333
1475 Ntsc2518  0.13333333  1.87609323
1495 Ntsc2538  0.15151515 -1.86764055
1513 Ntsc2556  0.13513514 -0.51065296
1517 Ntsc2560  0.09004739  8.76751731
1637 Ntsc2680  0.15517241  8.48616477
1655 Ntsc2698  0.12500000  5.85753136
1744 Ntsc2787  0.10843373  1.88884266
1773 Ntsc2816  0.10000000  7.17754383
1928 Ntsc2972  0.13114754  7.09035143
2041 Ntsc3086  0.13559322  3.18985631
2192 Ntsc3237  0.13235294  9.51468331
2237 Ntsc3282  0.12765957  7.44386265
2449 Ntsc3494  0.15573770  8.26453809
2532 Ntsc3577  0.13761468  9.46244697
2593 Ntsc3638  0.13333333  2.45314584
2664 Ntsc3710  0.00000000  5.77035589
2726 Ntsc3772  0.09302326  6.58499847
2814 Ntsc3860  0.14705882 11.99298079
2820 Ntsc3866  0.15384615 11.56100250
2837 Ntsc3883  0.10714286  3.08331425
2874 Ntsc3920  0.12500000  7.70167748
2899 Ntsc3946  0.13888889 -1.43707785
2918 Ntsc3965  0.11392405  3.57372569
3211 Ntsc4258  0.14084507  8.39048856
3337 Ntsc4384  0.00000000  7.84304562
3509 Ntsc4556  0.12765957  6.42201502
3568 Ntsc4615  0.09677419  6.16261316
3644 Ntsc4691  0.15267176  7.64749353
3656 Ntsc4703  0.10810811 -0.56397473
3663 Ntsc4710  0.15384615 -0.84731561
3712 Ntsc4759  0.10526316 -1.43818195
3723 Ntsc4770  0.14379085  6.38231081
3769 Ntsc4816  0.14035088  9.22862783
3790 Ntsc4837  0.11764706  0.75935991
3838 Ntsc4885  0.15517241  9.46639011
4051 Ntsc5098  0.14529915  8.72427490
4100 Ntsc5147  0.13709677  8.12564405
4144 Ntsc5191  0.12698413 10.85533962
4164 Ntsc5211  0.13043478  9.84595792
4236 Ntsc5283  0.12962963  9.33244693
4267 Ntsc5315  0.15384615  9.82667880
4284 Ntsc5332  0.14193548  1.67542052
4346 Ntsc5394  0.00000000  2.20696843
4394 Ntsc5442  0.05263158 10.12181782
4437 Ntsc5485  0.00000000 10.15129164
4460 Ntsc5508  0.08695652 -0.49335267
4461 Ntsc5509  0.09048362  8.03089059
4496 Ntsc5544  0.08333333  8.02777435
4756 Ntsc5804  0.14516129  2.45037941
4793 Ntsc5841  0.12903226  1.56602045
4810 Ntsc5858  0.15000000  2.15840132
4968 Ntsc6016  0.14814815  4.15065436
5011 Ntsc6059  0.14084507  2.02421030
5021 Ntsc6069  0.15094340  1.03382675
5023 Ntsc6071  0.12000000  0.33579685
5025 Ntsc6073  0.15652174  0.68105142
5072 Ntsc6120  0.11214953  7.14532630
5083 Ntsc6131  0.15384615 -1.03379631
5096 Ntsc6144  0.00000000  8.00609840
5105 Ntsc6153  0.13541667  3.77081485
5107 Ntsc6155  0.08333333  1.56487449
5108 Ntsc6156  0.15151515  6.82786146
5420 Ntsc6469  0.12068966  5.95929539
5529 Ntsc6578  0.13829787  8.80803373
5546 Ntsc6596  0.10526316  6.88535741
5558 Ntsc6608  0.15000000  3.16420559
5566 Ntsc6616  0.00000000 -1.63097766
5666 Ntsc6717  0.09615385  9.56974630
5682 Ntsc6733  0.13043478  7.26664843
5696 Ntsc6747  0.07807808  6.14823317
5704 Ntsc6755  0.05000000  0.82042549
5734 Ntsc6785  0.11504425  9.81433256
5937 Ntsc6988  0.08333333  5.04752003
5976 Ntsc7027  0.13559322  1.25687153
5997 Ntsc7048  0.15384615  5.27648204
6068 Ntsc7119  0.08333333  0.65405308
6087 Ntsc7138  0.15151515  3.49000236
6099 Ntsc7150  0.05714286  9.41646079
6107 Ntsc7158  0.12500000  2.19850717
6120 Ntsc7171  0.11764706  6.90285750
6378 Ntsc7430  0.14634146  2.41304981
6513 Ntsc7565  0.12121212 -0.68401130
6574 Ntsc7626  0.07438017  6.97402102
6636 Ntsc7689  0.11801242 -0.90308865
6637 Ntsc7690  0.14843750  4.87136251
6933 Ntsc7986  0.00000000  1.36786196
6934 Ntsc7987  0.11111111 -0.66789449
6964 Ntsc8017  0.00000000  4.81599662
6983 Ntsc8036  0.15517241 -0.52729398
7061 Ntsc8114  0.11627907  6.41890487
7062 Ntsc8115  0.12195122  0.42896763
7099 Ntsc8152  0.15625000 -2.30340303

$L1_BA_sex
       Geneid methylation expression
28   Ntsc1069  0.11702128  9.0848742
78   Ntsc1119  0.09090909  6.4106728
193  Ntsc1234  0.00000000  7.5997422
241  Ntsc1282  0.11764706  9.2125609
404  Ntsc1445  0.06666667 -2.2083605
458  Ntsc1500  0.10130719  9.0952035
560  Ntsc1602  0.07692308  9.2459205
604  Ntsc1646  0.10869565  5.8514522
656  Ntsc1698  0.09677419  1.1422241
663  Ntsc1705  0.09124767  2.3682580
705  Ntsc1747  0.09375000 -1.0978530
734  Ntsc1776  0.08888889 11.0702547
776  Ntsc1818  0.11764706  7.0180597
844  Ntsc1886  0.11111111  7.0440075
1060 Ntsc2102  0.10909091  4.6058024
1074 Ntsc2116  0.09708738  9.4983394
1080 Ntsc2122  0.09677419 -0.5589653
1105 Ntsc2148  0.10256410 -1.9708905
1156 Ntsc2199  0.09803922  2.4151532
1160 Ntsc2203  0.10322581  0.4318240
1168 Ntsc2211  0.09967846 10.9717121
1182 Ntsc2225  0.10000000  6.4490850
1195 Ntsc2238  0.11428571  5.8470536
1243 Ntsc2286  0.10526316  7.1925932
1253 Ntsc2296  0.00000000 -2.0660672
1308 Ntsc2351  0.11864407  0.2834790
1316 Ntsc2359  0.10714286  7.1040925
1335 Ntsc2378  0.04878049 11.1805966
1401 Ntsc2444  0.10344828  0.7599580
1421 Ntsc2464  0.11764706 -2.3993138
1426 Ntsc2469  0.07964602  1.0963629
1447 Ntsc2490  0.08695652  4.8824594
1494 Ntsc2537  0.11688312  5.1920093
1517 Ntsc2560  0.06161137  7.9967461
1522 Ntsc2565  0.11764706  4.7353902
1685 Ntsc2728  0.00000000  4.7785680
1711 Ntsc2754  0.03125000  1.5739282
1713 Ntsc2756  0.05882353  1.9603091
1715 Ntsc2758  0.11827957  8.1083952
1744 Ntsc2787  0.10843373  1.6048476
1798 Ntsc2841  0.04950495 -0.6440782
1858 Ntsc2902  0.11904762  9.8689427
1928 Ntsc2972  0.11475410  7.3453771
2014 Ntsc3059  0.07174491 11.3490409
2041 Ntsc3086  0.11864407  2.0205339
2049 Ntsc3094  0.11184211  8.2656096
2057 Ntsc3102  0.08781362  7.1325823
2192 Ntsc3237  0.10294118 10.6430974
2237 Ntsc3282  0.10638298  7.1141158
2250 Ntsc3295  0.09090909  8.4485252
2298 Ntsc3343  0.11009174  8.3404763
2302 Ntsc3347  0.04545455  7.8530807
2455 Ntsc3500  0.11764706  6.2391309
2499 Ntsc3544  0.11458333  8.6299942
2506 Ntsc3551  0.06122449  8.8866819
2646 Ntsc3692  0.11818182  8.3321488
2741 Ntsc3787  0.03030303 -1.7816969
2808 Ntsc3854  0.07407407  7.1766648
2879 Ntsc3925  0.10526316  5.4729939
2881 Ntsc3927  0.10169492  1.6182026
2889 Ntsc3935  0.00000000  0.7209407
2916 Ntsc3963  0.07894737 -0.6554395
2935 Ntsc3982  0.09027778  9.2088559
2969 Ntsc4016  0.08333333  4.1747262
2975 Ntsc4022  0.06153846  4.6887543
3364 Ntsc4411  0.09259259 12.8135271
3394 Ntsc4441  0.11764706  9.2009981
3432 Ntsc4479  0.11428571 11.4577405
3478 Ntsc4525  0.09774436  0.5443293
3663 Ntsc4710  0.07692308 -0.8497669
3709 Ntsc4756  0.06250000  0.5965279
3759 Ntsc4806  0.07352941  5.8533179
3762 Ntsc4809  0.11864407  8.7084112
3790 Ntsc4837  0.11764706  0.8086337
4037 Ntsc5084  0.11607143 11.7551737
4115 Ntsc5162  0.11242604  8.4647316
4144 Ntsc5191  0.07936508 11.7161222
4145 Ntsc5192  0.05940594 10.8943120
4258 Ntsc5306  0.11111111 -0.1330910
4332 Ntsc5380  0.11827957 -2.3040974
4346 Ntsc5394  0.10000000  2.1339811
4377 Ntsc5425  0.11594203  3.6462349
4404 Ntsc5452  0.11111111  4.4532347
4430 Ntsc5478  0.10000000  7.6260898
4460 Ntsc5508  0.08695652 -0.5752461
4461 Ntsc5509  0.05928237  4.6079353
4480 Ntsc5528  0.10714286  5.6158492
4496 Ntsc5544  0.08333333  6.9328443
4538 Ntsc5586  0.10606061  2.9523884
4682 Ntsc5730  0.11627907  5.6617219
4713 Ntsc5761  0.11881188 10.9032111
4784 Ntsc5832  0.08988764  1.4234804
4808 Ntsc5856  0.09708738  1.8398564
5021 Ntsc6069  0.03773585  1.0298957
5023 Ntsc6071  0.00000000  0.3540883
5029 Ntsc6077  0.08928571  0.6701426
5096 Ntsc6144  0.00000000  7.4144551
5174 Ntsc6222  0.05000000  8.2900492
5189 Ntsc6237  0.09876543  5.1733613
5261 Ntsc6309  0.06000000  8.9544650
5311 Ntsc6359  0.09090909  6.0467898
5351 Ntsc6400  0.00000000  6.4346307
5558 Ntsc6608  0.10000000  2.7132004
5566 Ntsc6616  0.00000000 -1.6341591
5574 Ntsc6625  0.00000000  6.2385939
5603 Ntsc6654  0.11538462  5.4529972
5610 Ntsc6661  0.11842105 -1.9708965
5630 Ntsc6681  0.07142857  4.3289900
5664 Ntsc6715  0.09282700  9.4611464
5679 Ntsc6730  0.06451613  1.3080561
5682 Ntsc6733  0.05797101  7.7905910
5692 Ntsc6743  0.11666667  2.3639250
5696 Ntsc6747  0.06906907  8.3841562
5893 Ntsc6944  0.08108108  7.5141974
5928 Ntsc6979  0.09890110  9.2571225
5961 Ntsc7012  0.00000000  8.3319111
5976 Ntsc7027  0.05084746  1.4315844
6001 Ntsc7052  0.10000000  6.6138188
6009 Ntsc7060  0.10000000 -2.3992297
6054 Ntsc7105  0.10000000 -0.5989938
6074 Ntsc7125  0.07915567  8.8543025
6079 Ntsc7130  0.06398104 11.6401060
6120 Ntsc7171  0.05882353  4.2992682
6158 Ntsc7209  0.10416667  8.0745996
6192 Ntsc7243  0.06060606  6.3834126
6234 Ntsc7285  0.08771930  5.4610734
6435 Ntsc7487  0.08108108  5.1928728
6480 Ntsc7532  0.10344828  1.9866129
6620 Ntsc7672  0.11111111  0.9181128
6651 Ntsc7704  0.09433962  9.2765162
6656 Ntsc7709  0.10526316 -2.0575580
6690 Ntsc7743  0.11304348  2.6610884
6730 Ntsc7783  0.09824561 10.0847796
6737 Ntsc7790  0.11716621 12.0114430
6743 Ntsc7796  0.08695652  0.1484800
6761 Ntsc7814  0.11224490  7.4009515
6797 Ntsc7850  0.06614786 10.5747255
6809 Ntsc7862  0.09411765  7.4646751
6833 Ntsc7886  0.10000000 -2.1607072
6837 Ntsc7890  0.09433962  7.1192017
6838 Ntsc7891  0.09523810  1.9567832
6840 Ntsc7893  0.11304348  6.0308853
6855 Ntsc7908  0.11764706  5.8387314
6899 Ntsc7952  0.06666667 -2.3039350
6913 Ntsc7966  0.11870504  8.3762195
6929 Ntsc7982  0.11538462  8.5662273
6932 Ntsc7985  0.08695652  6.3053478
6933 Ntsc7986  0.00000000  0.8337417
6934 Ntsc7987  0.11111111 -0.7918631
7050 Ntsc8103  0.11627907  9.4471159
7056 Ntsc8109  0.11320755  6.5679859
7062 Ntsc8115  0.09756098  0.4068937
7070 Ntsc8123  0.10000000 -0.9823116
7075 Ntsc8128  0.11627907 -1.1393950
7084 Ntsc8137  0.06557377  5.6362067
7100 Ntsc8153  0.08823529  1.7872667
7107 Ntsc8160  0.02536232  8.3947563

$L1_sa_sex
       Geneid methylation expression
28   Ntsc1069  0.10000000  9.1509186
65   Ntsc1106  0.09090909 -0.9216116
81   Ntsc1122  0.07812500  0.9387345
97   Ntsc1138  0.00000000  9.0930032
130  Ntsc1171  0.08403361  8.0393711
142  Ntsc1183  0.08974359  0.4668687
190  Ntsc1231  0.08040201  5.6110355
385  Ntsc1426  0.00000000  4.7792174
404  Ntsc1445  0.06666667 -2.2084664
458  Ntsc1500  0.07843137  9.2603296
572  Ntsc1614  0.07692308  3.7526168
656  Ntsc1698  0.04838710  1.1696244
657  Ntsc1699  0.09333333  1.3611096
663  Ntsc1705  0.09310987  2.0184396
725  Ntsc1767  0.02777778  8.9429511
739  Ntsc1781  0.00000000  9.6262823
797  Ntsc1839  0.10000000 -1.8288090
831  Ntsc1873  0.10000000  8.4764081
889  Ntsc1931  0.07142857 -2.0191117
927  Ntsc1969  0.08771930  3.6706740
928  Ntsc1970  0.07575758  8.6518488
1080 Ntsc2122  0.03225806 -0.5780803
1101 Ntsc2144  0.05769231 -2.0653125
1105 Ntsc2148  0.07692308 -1.9711117
1124 Ntsc2167  0.09090909  7.3555680
1160 Ntsc2203  0.09032258  0.5129929
1253 Ntsc2296  0.00000000 -2.0617138
1307 Ntsc2350  0.00000000  1.1222094
1335 Ntsc2378  0.05487805 11.0714376
1376 Ntsc2419  0.07692308  1.2961789
1421 Ntsc2464  0.05882353 -2.3993378
1426 Ntsc2469  0.09734513  1.1121656
1447 Ntsc2490  0.04347826  5.2367910
1475 Ntsc2518  0.06666667  2.3860425
1517 Ntsc2560  0.07109005  8.0049312
1567 Ntsc2610  0.09523810 -1.7655889
1568 Ntsc2611  0.05405405  1.2784943
1592 Ntsc2635  0.08910891  1.5037083
1617 Ntsc2660  0.09259259  3.7036709
1626 Ntsc2669  0.06849315 -1.3075174
1641 Ntsc2684  0.06557377  6.8406525
1655 Ntsc2698  0.08333333  6.1835181
1711 Ntsc2754  0.06250000  1.7391165
1736 Ntsc2779  0.07594937 10.1974062
1762 Ntsc2805  0.09638554  8.6444226
1798 Ntsc2841  0.06930693 -0.6347440
1842 Ntsc2886  0.09859155  2.0504274
1858 Ntsc2902  0.04761905  9.4063035
2014 Ntsc3059  0.06465899 10.8424422
2057 Ntsc3102  0.06810036  7.4155293
2250 Ntsc3295  0.00000000  8.0086640
2302 Ntsc3347  0.06818182  7.1358801
2396 Ntsc3441  0.09230769  5.0730882
2449 Ntsc3494  0.07377049  7.6204223
2525 Ntsc3570  0.09876543  7.7229856
2619 Ntsc3664  0.09090909  8.8565275
2622 Ntsc3667  0.09195402  7.7980533
2726 Ntsc3772  0.09302326  6.9063146
2741 Ntsc3787  0.06060606 -1.7731344
2812 Ntsc3858  0.06250000  2.4600895
2832 Ntsc3878  0.08695652 10.6694427
2888 Ntsc3934  0.00000000 -2.1141843
2916 Ntsc3963  0.02631579 -0.6694307
2952 Ntsc3999  0.09803922  7.6083105
2961 Ntsc4008  0.09090909  7.7631918
2969 Ntsc4016  0.08333333  4.6056272
2975 Ntsc4022  0.09230769  4.6913171
3027 Ntsc4074  0.00000000  9.1474929
3046 Ntsc4093  0.05555556  8.0189035
3101 Ntsc4148  0.07547170  8.5063847
3127 Ntsc4174  0.09722222  7.7285084
3156 Ntsc4203  0.08641975  6.8018276
3179 Ntsc4226  0.09433962  7.0392164
3269 Ntsc4316  0.09210526  0.9047310
3364 Ntsc4411  0.09567901 12.4895063
3432 Ntsc4479  0.10000000 11.3655406
3478 Ntsc4525  0.07518797  0.5623138
3496 Ntsc4543  0.09677419  5.1527024
3568 Ntsc4615  0.09677419  5.5618939
3618 Ntsc4665  0.08474576  8.4776371
3656 Ntsc4703  0.05405405 -0.5649052
3709 Ntsc4756  0.06250000  0.5621088
3712 Ntsc4759  0.00000000 -1.4184368
3759 Ntsc4806  0.07352941  6.1667244
3768 Ntsc4815  0.07954545  8.3940063
4144 Ntsc5191  0.05952381 11.0627570
4145 Ntsc5192  0.03630363 10.0584242
4236 Ntsc5283  0.09259259 10.1645344
4359 Ntsc5407  0.05882353 -1.9715081
4360 Ntsc5408  0.10000000 -2.2562386
4430 Ntsc5478  0.07500000  8.1727682
4461 Ntsc5509  0.04368175  4.3931849
4496 Ntsc5544  0.08333333  6.6554009
4500 Ntsc5548  0.10000000 10.6884907
4538 Ntsc5586  0.07575758  2.8314570
4777 Ntsc5825  0.09677419  0.1791708
4792 Ntsc5840  0.08333333 -1.8734399
4808 Ntsc5856  0.09708738  1.8965097
4931 Ntsc5979  0.09615385  6.4356904
5023 Ntsc6071  0.08000000  0.3564660
5029 Ntsc6077  0.05357143  0.6699458
5081 Ntsc6129  0.04545455  2.7758850
5149 Ntsc6197  0.09433962  0.5798925
5208 Ntsc6256  0.09459459  1.5572692
5261 Ntsc6309  0.05700000  9.0995136
5351 Ntsc6400  0.00000000  6.2693408
5490 Ntsc6539  0.05555556  0.2557334
5541 Ntsc6591  0.09259259  0.6308370
5558 Ntsc6608  0.10000000  2.5310888
5566 Ntsc6616  0.00000000 -1.6346769
5574 Ntsc6625  0.00000000  6.0053966
5630 Ntsc6681  0.07142857  3.4764484
5664 Ntsc6715  0.09282700  8.9864674
5666 Ntsc6717  0.09615385  9.5751878
5682 Ntsc6733  0.07246377  7.6813292
5696 Ntsc6747  0.04504505  7.6803934
5704 Ntsc6755  0.10000000  0.9112547
5756 Ntsc6807  0.07575758  0.9398912
5937 Ntsc6988  0.08333333  4.3521562
5961 Ntsc7012  0.00000000  7.8765062
5976 Ntsc7027  0.05084746  1.3089314
5997 Ntsc7048  0.00000000  7.4831628
6053 Ntsc7104  0.08620690  5.3130056
6068 Ntsc7119  0.00000000  0.4655400
6074 Ntsc7125  0.07651715  8.2802355
6078 Ntsc7129  0.09444444  5.4372313
6079 Ntsc7130  0.06516588 11.9178248
6099 Ntsc7150  0.08571429 11.1154627
6116 Ntsc7167  0.07692308  8.6361857
6120 Ntsc7171  0.05882353  3.8399153
6192 Ntsc7243  0.09090909  6.7177099
6378 Ntsc7430  0.09756098 11.7406402
6496 Ntsc7548  0.04347826 12.1616789
6627 Ntsc7679  0.09259259  4.1145024
6737 Ntsc7790  0.09536785 11.5706205
6743 Ntsc7796  0.05797101  0.1143213
6761 Ntsc7814  0.07142857  7.5238564
6796 Ntsc7849  0.06521739  5.0862509
6797 Ntsc7850  0.06225681 10.3217969
6833 Ntsc7886  0.10000000 -2.1608327
6855 Ntsc7908  0.07647059  5.5500423
6891 Ntsc7944  0.07142857  1.8717193
6993 Ntsc8046  0.07843137  2.0875966
7062 Ntsc8115  0.09756098  0.4067940
7070 Ntsc8123  0.00000000 -0.9621951
7071 Ntsc8124  0.08571429 -2.2565895
7075 Ntsc8128  0.06976744 -1.1822335
7081 Ntsc8134  0.09375000  7.4187733
7100 Ntsc8153  0.05882353  1.8219545
7107 Ntsc8160  0.04347826  8.4096306

$L10_BA_sex
       Geneid methylation expression
3    Ntsc1044  0.14423077  6.0416705
65   Ntsc1106  0.13636364 -0.9667542
81   Ntsc1122  0.09375000  0.9632704
97   Ntsc1138  0.00000000  9.3872718
134  Ntsc1175  0.00000000  8.7381023
142  Ntsc1183  0.14102564  0.4527300
170  Ntsc1211  0.13846154 10.0237530
193  Ntsc1234  0.00000000  6.8647783
205  Ntsc1246  0.09722222  2.0903150
241  Ntsc1282  0.11764706  9.0410857
381  Ntsc1422  0.14285714  8.5677054
385  Ntsc1426  0.00000000  5.3388733
398  Ntsc1439  0.14285714  6.2760356
411  Ntsc1453  0.13223140  0.1388997
458  Ntsc1500  0.09803922  8.6330459
552  Ntsc1594  0.08571429  7.2978773
557  Ntsc1599  0.14285714  6.9244871
663  Ntsc1705  0.11545624  1.8356482
668  Ntsc1710  0.12820513  1.5727465
684  Ntsc1726  0.14285714  3.1420601
696  Ntsc1738  0.14285714  3.3980471
701  Ntsc1743  0.08571429  0.0000000
734  Ntsc1776  0.11111111  8.7323561
739  Ntsc1781  0.09090909  9.6511682
978  Ntsc2020  0.11428571  8.8452575
1012 Ntsc2054  0.12371134  8.3337311
1034 Ntsc2076  0.13043478  9.4902854
1043 Ntsc2085  0.14285714  9.2841689
1082 Ntsc2124  0.09677419  7.3428541
1101 Ntsc2144  0.07692308 -2.0610803
1124 Ntsc2167  0.11363636  7.2077109
1168 Ntsc2211  0.11254019 11.0263023
1195 Ntsc2238  0.14285714  9.0772100
1253 Ntsc2296  0.00000000 -2.0605739
1270 Ntsc2313  0.12831858  9.5153660
1335 Ntsc2378  0.06707317 11.2425844
1447 Ntsc2490  0.00000000  4.7544261
1473 Ntsc2516  0.10869565  7.9997935
1475 Ntsc2518  0.08888889  1.8584129
1494 Ntsc2537  0.11688312  6.0426008
1517 Ntsc2560  0.08530806  8.0222530
1573 Ntsc2616  0.13821138 12.2633618
1690 Ntsc2733  0.12307692  9.7782731
1711 Ntsc2754  0.09375000  7.8086946
1715 Ntsc2758  0.13978495  7.9045177
1744 Ntsc2787  0.10843373  1.5927804
1773 Ntsc2816  0.10000000  6.4403492
1776 Ntsc2819  0.14333333  6.8511228
1798 Ntsc2841  0.00990099 -0.7277032
1831 Ntsc2875  0.10294118  4.8427728
1858 Ntsc2902  0.11904762 10.4895345
1928 Ntsc2972  0.13114754  7.3226163
1991 Ntsc3036  0.14130435 -1.3804999
2014 Ntsc3059  0.07705934  9.8835409
2026 Ntsc3071  0.14285714 -1.4014426
2041 Ntsc3086  0.11864407  1.9375961
2052 Ntsc3097  0.12626263  9.8527922
2057 Ntsc3102  0.10931900  7.4862833
2192 Ntsc3237  0.13235294  9.9659037
2298 Ntsc3343  0.13761468  8.3175699
2302 Ntsc3347  0.03409091  7.7389708
2350 Ntsc3395  0.12380952 10.4592724
2355 Ntsc3400  0.13793103  9.2243246
2449 Ntsc3494  0.13114754  7.8547892
2466 Ntsc3511  0.12068966  7.0737430
2506 Ntsc3551  0.12244898  8.3944029
2529 Ntsc3574  0.14393939  9.3660248
2582 Ntsc3627  0.12307692  1.9812498
2612 Ntsc3657  0.14525140  3.7149637
2664 Ntsc3710  0.00000000  5.7344119
2698 Ntsc3744  0.12941176  9.3445717
2748 Ntsc3794  0.12849162 13.0620223
2837 Ntsc3883  0.10714286  5.2008386
2879 Ntsc3925  0.13157895  5.5209307
2916 Ntsc3963  0.13157895 -0.6881563
2935 Ntsc3982  0.11805556  9.8646812
2969 Ntsc4016  0.13888889  4.2830371
2975 Ntsc4022  0.07692308  4.6382813
3065 Ntsc4112  0.14574899 11.1663389
3169 Ntsc4216  0.14285714  7.4228800
3364 Ntsc4411  0.10493827 12.6070315
3373 Ntsc4420  0.11538462  8.4117861
3381 Ntsc4428  0.12765957  5.0484733
3478 Ntsc4525  0.05263158  0.6484350
3545 Ntsc4592  0.12299465  6.6088966
3624 Ntsc4671  0.11538462  6.2951021
3663 Ntsc4710  0.11538462 -0.8310151
3669 Ntsc4716  0.14371257  7.2055618
3687 Ntsc4734  0.08955224 -2.2077446
3709 Ntsc4756  0.12500000  0.6815947
3790 Ntsc4837  0.11764706  0.7586592
4007 Ntsc5054  0.14367816  7.1523736
4037 Ntsc5084  0.14285714 12.1482508
4095 Ntsc5142  0.12500000  3.0308494
4144 Ntsc5191  0.09126984 12.3599314
4145 Ntsc5192  0.05280528 11.2124858
4306 Ntsc5354  0.14035088  7.8746012
4312 Ntsc5360  0.12987013  2.5945130
4319 Ntsc5367  0.13194444  5.5339114
4346 Ntsc5394  0.00000000  2.8434552
4396 Ntsc5444  0.11504425  8.0448521
4415 Ntsc5463  0.13475177  8.7556311
4430 Ntsc5478  0.07500000  7.3067343
4437 Ntsc5485  0.00000000 10.5818327
4461 Ntsc5509  0.07176287  9.3891693
4480 Ntsc5528  0.10714286  7.0113851
4789 Ntsc5837  0.13461538 -1.5088940
4792 Ntsc5840  0.11111111 -1.8785406
4805 Ntsc5853  0.13658537  9.0767870
5011 Ntsc6059  0.14084507  2.1688592
5027 Ntsc6075  0.14000000 -1.2257965
5093 Ntsc6141  0.14371257  8.9018321
5096 Ntsc6144  0.00000000  6.9742920
5174 Ntsc6222  0.10000000  7.8622853
5186 Ntsc6234  0.11111111 -1.0044884
5261 Ntsc6309  0.11600000  8.8136537
5351 Ntsc6400  0.00000000  6.3161408
5369 Ntsc6418  0.12000000  4.9141776
5420 Ntsc6469  0.12068966  6.9837372
5490 Ntsc6539  0.11111111 -0.1094834
5566 Ntsc6616  0.00000000 -1.6321722
5574 Ntsc6625  0.12500000  7.7857015
5584 Ntsc6635  0.13483146  0.2479405
5630 Ntsc6681  0.00000000  3.8990948
5664 Ntsc6715  0.10126582  8.5443430
5696 Ntsc6747  0.07507508  6.0254565
5781 Ntsc6832  0.13173653 13.5699585
5901 Ntsc6952  0.12230216  5.9705863
5918 Ntsc6969  0.13114754  2.2895786
5961 Ntsc7012  0.00000000  8.7002422
5974 Ntsc7025  0.08000000  1.3054738
6001 Ntsc7052  0.12000000  7.3132061
6024 Ntsc7075  0.11111111 10.4074708
6053 Ntsc7104  0.10344828  5.0910000
6054 Ntsc7105  0.10000000 -0.5010962
6065 Ntsc7116  0.13793103  3.2085291
6074 Ntsc7125  0.09234828  8.7673178
6078 Ntsc7129  0.13333333  5.4929288
6079 Ntsc7130  0.07464455 11.9302311
6107 Ntsc7158  0.09375000  2.6323549
6120 Ntsc7171  0.11764706  5.5233099
6172 Ntsc7223  0.14427861  6.6144087
6480 Ntsc7532  0.13793103  2.7002114
6496 Ntsc7548  0.13043478 13.3396549
6536 Ntsc7588  0.13750000  3.5480173
6600 Ntsc7652  0.12500000  5.2188277
6651 Ntsc7704  0.13207547  8.4978032
6715 Ntsc7768  0.10144928  6.0645963
6730 Ntsc7783  0.13684211  9.2765674
6737 Ntsc7790  0.12806540 11.4893651
6749 Ntsc7802  0.14473684  6.7333376
6797 Ntsc7850  0.08560311 10.8788664
6838 Ntsc7891  0.10952381  2.1460081
6855 Ntsc7908  0.10294118  6.0968426
6891 Ntsc7944  0.13492063  1.9109143
6901 Ntsc7954  0.14049587 10.4515008
7052 Ntsc8105  0.08888889  4.1848015
7062 Ntsc8115  0.12195122  0.3945235
7097 Ntsc8150  0.08620690  6.9952842
7107 Ntsc8160  0.03442029  8.5783993

$L10_sa_sex
       Geneid methylation  expression
70   Ntsc1111  0.13533835  8.27310359
81   Ntsc1122  0.07812500  1.06158701
97   Ntsc1138  0.00000000  9.36628958
129  Ntsc1170  0.10666667  6.26533705
193  Ntsc1234  0.00000000  6.92454513
270  Ntsc1311  0.12765957  9.19596753
313  Ntsc1354  0.11111111  7.21386106
369  Ntsc1410  0.12962963  7.40935493
385  Ntsc1426  0.00000000  5.26646296
458  Ntsc1500  0.10130719  9.13494718
640  Ntsc1682  0.10344828  0.00000000
657  Ntsc1699  0.10666667  1.33233408
660  Ntsc1702  0.11764706 -2.25604748
662  Ntsc1704  0.12195122 -0.05894537
663  Ntsc1705  0.11545624  1.93724228
674  Ntsc1716  0.11956522  0.00000000
684  Ntsc1726  0.08571429  2.82575212
734  Ntsc1776  0.06666667  7.93264358
739  Ntsc1781  0.09090909  9.76934304
810  Ntsc1852  0.05263158  3.63981323
819  Ntsc1861  0.13333333  3.65332276
1048 Ntsc2090  0.13888889  7.64744473
1080 Ntsc2122  0.12903226 -0.57815401
1101 Ntsc2144  0.09615385 -2.05868587
1124 Ntsc2167  0.11363636  7.05799553
1168 Ntsc2211  0.11575563 10.76422700
1196 Ntsc2239  0.11583012 10.92499645
1268 Ntsc2311  0.13571429 -1.97105641
1306 Ntsc2349  0.10416667  2.74503446
1335 Ntsc2378  0.06402439 11.28658732
1376 Ntsc2419  0.07692308  1.25789452
1401 Ntsc2444  0.13793103  1.41036890
1421 Ntsc2464  0.05882353 -2.39936132
1426 Ntsc2469  0.10619469  1.36373588
1447 Ntsc2490  0.00000000  5.11596796
1473 Ntsc2516  0.10869565  7.44882365
1475 Ntsc2518  0.13333333  1.98053166
1478 Ntsc2521  0.13592233  9.40736478
1493 Ntsc2536  0.13333333  1.83707955
1517 Ntsc2560  0.05687204  8.26920514
1522 Ntsc2565  0.11764706  4.10787473
1655 Ntsc2698  0.08333333  6.70566429
1667 Ntsc2710  0.12781955  5.50957295
1669 Ntsc2712  0.10588235  6.47353088
1685 Ntsc2728  0.00000000  3.19403818
1711 Ntsc2754  0.09375000  2.19501944
1715 Ntsc2758  0.12903226  9.14303027
1736 Ntsc2779  0.13924051 10.70530974
1776 Ntsc2819  0.13333333  5.08484221
1798 Ntsc2841  0.01980198 -0.72794157
1928 Ntsc2972  0.13114754  7.34968838
2014 Ntsc3059  0.07085917 11.42061916
2052 Ntsc3097  0.13636364 10.08486007
2057 Ntsc3102  0.09498208  7.50474941
2063 Ntsc3108  0.11538462 10.57800913
2101 Ntsc3146  0.10563380  9.35801215
2104 Ntsc3149  0.13559322  1.23227466
2192 Ntsc3237  0.08823529  9.89967379
2210 Ntsc3255  0.12903226  3.84753989
2250 Ntsc3295  0.00000000  6.67973940
2302 Ntsc3347  0.04545455  7.86354933
2403 Ntsc3448  0.11627907  6.96242819
2450 Ntsc3495  0.06666667  3.24713789
2560 Ntsc3605  0.11940299  6.86402998
2646 Ntsc3692  0.13636364  6.84291951
2726 Ntsc3772  0.06976744  9.13152242
2837 Ntsc3883  0.07142857  6.18920466
2870 Ntsc3916  0.13793103  8.22718962
2918 Ntsc3965  0.12658228  4.10690331
2935 Ntsc3982  0.13194444  8.39187668
3029 Ntsc4076  0.12857143  6.45901880
3103 Ntsc4150  0.13993174 11.16836108
3304 Ntsc4351  0.14018692 10.72271397
3348 Ntsc4395  0.12121212  3.81182423
3364 Ntsc4411  0.11111111 12.46850260
3396 Ntsc4443  0.13636364  7.03428084
3405 Ntsc4452  0.10869565  4.08572597
3478 Ntsc4525  0.09774436  0.71453199
3624 Ntsc4671  0.11538462  6.34006116
3656 Ntsc4703  0.13513514 -0.55030939
3663 Ntsc4710  0.07692308 -0.84983927
3712 Ntsc4759  0.05263158 -1.44212612
3714 Ntsc4761  0.13636364 -0.96360950
3831 Ntsc4878  0.13157895  6.79795860
3838 Ntsc4885  0.13793103 13.20333329
3961 Ntsc5008  0.13131313  6.65893573
4007 Ntsc5054  0.12068966  7.93986325
4103 Ntsc5150  0.12903226  8.21213419
4144 Ntsc5191  0.12698413 10.90693877
4145 Ntsc5192  0.03630363 10.25916180
4219 Ntsc5266  0.11320755  0.83605497
4236 Ntsc5283  0.12962963  8.27801127
4277 Ntsc5325  0.13934426  3.12547984
4301 Ntsc5349  0.12048193  9.17418341
4319 Ntsc5367  0.13888889  5.54063733
4430 Ntsc5478  0.12500000  7.31615260
4460 Ntsc5508  0.13043478 -0.54575548
4461 Ntsc5509  0.07332293  9.27165168
4480 Ntsc5528  0.10714286  6.46124828
4496 Ntsc5544  0.08333333  7.44282845
4682 Ntsc5730  0.13953488  5.28873178
4708 Ntsc5756  0.13483146  9.34120726
4788 Ntsc5836  0.13432836  1.33119270
4789 Ntsc5837  0.13461538 -1.53067456
4792 Ntsc5840  0.11111111 -1.88053122
4805 Ntsc5853  0.11707317  9.00100945
5011 Ntsc6059  0.12676056  1.89918770
5023 Ntsc6071  0.12000000  0.33397656
5029 Ntsc6077  0.08928571  0.66969651
5096 Ntsc6144  0.00000000  7.26993678
5107 Ntsc6155  0.00000000  1.47256170
5186 Ntsc6234  0.12698413 -1.03463799
5189 Ntsc6237  0.13580247  7.33273907
5261 Ntsc6309  0.09400000  8.95539060
5490 Ntsc6539  0.13888889 -0.17899174
5524 Ntsc6573  0.10204082 -1.42774251
5566 Ntsc6616  0.00000000 -1.63571650
5574 Ntsc6625  0.12500000  7.77795020
5664 Ntsc6715  0.07594937  8.38516732
5696 Ntsc6747  0.08408408  5.51341512
5700 Ntsc6751  0.13235294  5.90729089
5889 Ntsc6940  0.10000000  8.99302627
5901 Ntsc6952  0.12949640  6.66162309
5961 Ntsc7012  0.00000000  8.32979119
5962 Ntsc7013  0.11627907 -2.39957998
5973 Ntsc7024  0.13461538  3.46645035
5974 Ntsc7025  0.12000000  1.65708208
5976 Ntsc7027  0.13559322  1.49690758
5997 Ntsc7048  0.07692308  8.47720176
6001 Ntsc7052  0.08000000  6.53820845
6009 Ntsc7060  0.12857143 -2.39926737
6016 Ntsc7067  0.11688312  7.17615090
6024 Ntsc7075  0.11111111  9.90100534
6064 Ntsc7115  0.13333333  3.34622725
6074 Ntsc7125  0.09498681  7.84328085
6079 Ntsc7130  0.08175355 11.56378583
6087 Ntsc7138  0.06060606  4.05150772
6116 Ntsc7167  0.13461538  7.93959501
6250 Ntsc7301  0.13432836  6.00752926
6444 Ntsc7496  0.12857143 10.47577355
6460 Ntsc7512  0.13004484  9.29930015
6468 Ntsc7520  0.10000000  7.33731517
6480 Ntsc7532  0.06896552  2.20168036
6536 Ntsc7588  0.13750000  3.95207541
6651 Ntsc7704  0.11320755  7.70694520
6690 Ntsc7743  0.13913043  2.00181311
6697 Ntsc7750  0.11627907 -0.37906247
6730 Ntsc7783  0.12631579  9.64087282
6737 Ntsc7790  0.13896458 12.31899961
6741 Ntsc7794  0.12068966 -0.95263756
6743 Ntsc7796  0.08695652  0.19837942
6797 Ntsc7850  0.05836576 10.74815834
6837 Ntsc7890  0.10691824  7.13258448
6855 Ntsc7908  0.08529412  6.17703729
6933 Ntsc7986  0.00000000  0.86887061
6946 Ntsc7999  0.13513514  0.39116243
6964 Ntsc8017  0.00000000  3.48188044
7050 Ntsc8103  0.13953488  8.66015674
7051 Ntsc8104  0.13636364  8.38396978
7062 Ntsc8115  0.12195122  0.39386370
7075 Ntsc8128  0.13953488 -1.10545298
7100 Ntsc8153  0.13235294  2.01284065
7107 Ntsc8160  0.05253623  8.71520168

$L6_BA_sex
       Geneid methylation  expression
3    Ntsc1044  0.10576923  7.90763686
7    Ntsc1048  0.10126582  7.02686534
65   Ntsc1106  0.09090909 -0.98983017
81   Ntsc1122  0.09375000  0.99429671
134  Ntsc1175  0.00000000  9.00040115
142  Ntsc1183  0.11538462  0.19834106
193  Ntsc1234  0.00000000  6.92468010
250  Ntsc1291  0.11574074  8.80704359
364  Ntsc1405  0.11111111  7.45632051
406  Ntsc1447  0.05263158 -0.04082513
458  Ntsc1500  0.08496732 10.28663365
656  Ntsc1698  0.09677419  1.31174626
663  Ntsc1705  0.10055866  1.74999768
674  Ntsc1716  0.08695652  0.00000000
725  Ntsc1767  0.05555556  9.94690815
739  Ntsc1781  0.09090909  9.58674621
820  Ntsc1862  0.09756098 -0.93516899
889  Ntsc1931  0.03571429 -2.02109110
928  Ntsc1970  0.04545455  8.50171959
932  Ntsc1974  0.11111111 -1.27235471
993  Ntsc2035  0.11111111  7.81124291
1055 Ntsc2097  0.10588235  9.17999808
1082 Ntsc2124  0.06451613  7.18345767
1099 Ntsc2142  0.10909091 -2.30421409
1124 Ntsc2167  0.06818182  7.07567356
1194 Ntsc2237  0.09677419  2.61021659
1253 Ntsc2296  0.00000000 -2.06793714
1302 Ntsc2345  0.10714286  7.85755498
1335 Ntsc2378  0.05182927 11.44887915
1376 Ntsc2419  0.07692308  1.17932080
1389 Ntsc2432  0.11377246  7.33787864
1421 Ntsc2464  0.00000000 -2.39954486
1426 Ntsc2469  0.11504425  1.03456957
1429 Ntsc2472  0.06250000 -1.92530872
1447 Ntsc2490  0.08695652  4.43777774
1517 Ntsc2560  0.08530806  8.06193944
1667 Ntsc2710  0.11278195  5.44608235
1715 Ntsc2758  0.09677419  7.24303811
1776 Ntsc2819  0.10000000  5.75795102
1798 Ntsc2841  0.02970297 -0.65328923
1858 Ntsc2902  0.09523810 10.56389327
1907 Ntsc2951  0.10909091  7.96032608
1949 Ntsc2994  0.11111111  3.07357627
2014 Ntsc3059  0.06023029 10.91832865
2041 Ntsc3086  0.10169492  1.82971583
2057 Ntsc3102  0.07885305  7.27723139
2142 Ntsc3187  0.11578947  7.17979534
2217 Ntsc3262  0.11111111 12.86485643
2237 Ntsc3282  0.10638298  7.08381824
2250 Ntsc3295  0.00000000  7.32329142
2302 Ntsc3347  0.04545455  7.77834228
2303 Ntsc3348  0.08196721  9.88451850
2321 Ntsc3366  0.11274510 10.93818346
2506 Ntsc3551  0.10204082  8.37021007
2622 Ntsc3667  0.11494253  7.80020241
2644 Ntsc3690  0.10970464 10.50499857
2656 Ntsc3702  0.10156250 13.20642927
2726 Ntsc3772  0.09302326  8.52400227
2734 Ntsc3780  0.10655738  6.00782916
2765 Ntsc3811  0.10666667  8.44199709
2847 Ntsc3893  0.10769231  6.87350314
2881 Ntsc3927  0.08474576  4.60296823
2916 Ntsc3963  0.05263158 -0.68869790
3035 Ntsc4082  0.09375000 11.61093237
3127 Ntsc4174  0.11111111  8.70568802
3166 Ntsc4213  0.09638554  6.25441458
3168 Ntsc4215  0.06250000  9.05035706
3269 Ntsc4316  0.10526316  0.93084570
3320 Ntsc4367  0.10294118  4.75591116
3364 Ntsc4411  0.08641975 12.86988150
3373 Ntsc4420  0.07692308  8.33569891
3394 Ntsc4441  0.10784314  9.83937082
3426 Ntsc4473  0.10429448  8.24513895
3478 Ntsc4525  0.05263158  0.63376655
3624 Ntsc4671  0.11538462  6.41679035
3656 Ntsc4703  0.08108108 -0.53907357
3668 Ntsc4715  0.11428571  3.46546355
3709 Ntsc4756  0.09375000  0.55478966
3714 Ntsc4761  0.09090909 -0.89276442
3882 Ntsc4929  0.10769231 -0.75006604
4007 Ntsc5054  0.10919540  6.91530714
4075 Ntsc5122  0.11415525  7.29237430
4144 Ntsc5191  0.07142857 11.60971517
4145 Ntsc5192  0.03960396 12.05312930
4187 Ntsc5234  0.11363636  0.76400133
4353 Ntsc5401  0.03571429 -1.32564565
4404 Ntsc5452  0.11111111  7.46766288
4430 Ntsc5478  0.10000000  8.01103427
4437 Ntsc5485  0.00000000 11.06795977
4461 Ntsc5509  0.05616225  4.62016002
4496 Ntsc5544  0.08333333  6.57792795
4789 Ntsc5837  0.08974359 -1.50042232
4792 Ntsc5840  0.05555556 -1.86958939
5023 Ntsc6071  0.04000000  0.34709016
5029 Ntsc6077  0.10714286  0.86168129
5095 Ntsc6143  0.10958904  9.48351163
5096 Ntsc6144  0.00000000  8.28333781
5105 Ntsc6153  0.11458333  4.14633695
5107 Ntsc6155  0.00000000  1.45145046
5149 Ntsc6197  0.10377358  0.64481876
5253 Ntsc6301  0.10000000  7.76773079
5261 Ntsc6309  0.05400000  8.97908651
5351 Ntsc6400  0.00000000  6.60246546
5410 Ntsc6459  0.10204082  2.03054157
5490 Ntsc6539  0.11111111 -0.17961042
5566 Ntsc6616  0.00000000 -1.63824580
5574 Ntsc6625  0.00000000  6.39317424
5631 Ntsc6682  0.10769231 -2.11513666
5636 Ntsc6687  0.10714286  9.66863361
5664 Ntsc6715  0.08438819  9.09492703
5682 Ntsc6733  0.05797101  7.73267908
5696 Ntsc6747  0.06306306  8.91275502
5728 Ntsc6779  0.11290323  7.41078724
5781 Ntsc6832  0.09580838 13.49554818
5853 Ntsc6904  0.10559006 -1.30005523
5937 Ntsc6988  0.08333333  5.81306425
5961 Ntsc7012  0.00000000  7.68529322
6002 Ntsc7053  0.11235955 10.78913852
6009 Ntsc7060  0.10000000 -2.39941304
6016 Ntsc7067  0.10389610  6.61762852
6054 Ntsc7105  0.05000000 -0.58669015
6074 Ntsc7125  0.05804749  7.63816946
6079 Ntsc7130  0.07345972 11.13021060
6080 Ntsc7131  0.10975610  7.32809767
6107 Ntsc7158  0.06250000  2.47990417
6116 Ntsc7167  0.09615385  9.43421668
6120 Ntsc7171  0.00000000  5.99781463
6158 Ntsc7209  0.10416667  8.57195869
6236 Ntsc7287  0.11111111  6.99052801
6270 Ntsc7321  0.11023622  7.40529480
6468 Ntsc7520  0.10000000  7.85732652
6496 Ntsc7548  0.08695652 13.57131243
6574 Ntsc7626  0.11570248  8.59309527
6646 Ntsc7699  0.10714286 11.11607573
6676 Ntsc7729  0.10434783  8.51056125
6755 Ntsc7808  0.11111111  6.42595729
6774 Ntsc7827  0.10294118  6.84455493
6797 Ntsc7850  0.06225681 10.89189197
6838 Ntsc7891  0.09047619  2.31488295
6855 Ntsc7908  0.07647059  5.85468383
6900 Ntsc7953  0.10937500 -2.30416169
6933 Ntsc7986  0.00000000  0.88303719
6934 Ntsc7987  0.11111111 -0.79219006
6964 Ntsc8017  0.00000000  3.46944569
6986 Ntsc8039  0.11504425  3.13720569
6997 Ntsc8050  0.07526882  8.45377596
6999 Ntsc8052  0.10810811  5.35176679
7031 Ntsc8084  0.02702703 11.12445365
7046 Ntsc8099  0.05263158  1.36283675
7062 Ntsc8115  0.07317073  0.39324195
7075 Ntsc8128  0.10465116 -1.13685594
7101 Ntsc8154  0.09756098 -0.70046183
7107 Ntsc8160  0.03442029  8.34070739

$L6_sa_sex
       Geneid methylation expression
3    Ntsc1044  0.11538462  5.7901466
28   Ntsc1069  0.12765957  9.5912283
77   Ntsc1118  0.10416667  6.0545238
81   Ntsc1122  0.10937500  0.9596767
93   Ntsc1134  0.10937500  9.4219656
97   Ntsc1138  0.00000000  9.1045567
296  Ntsc1337  0.02222222  6.6112167
330  Ntsc1371  0.12765957  5.2882404
365  Ntsc1406  0.12781955  7.2333505
385  Ntsc1426  0.00000000  4.5951546
458  Ntsc1500  0.09803922  9.4574443
560  Ntsc1602  0.07692308  9.1071445
621  Ntsc1663  0.12179487  8.3720260
640  Ntsc1682  0.10344828  0.0000000
662  Ntsc1704  0.04878049  2.8852561
663  Ntsc1705  0.09497207  1.9564788
734  Ntsc1776  0.11111111 10.1167866
739  Ntsc1781  0.09090909  9.6479663
768  Ntsc1810  0.11764706 12.0547736
810  Ntsc1852  0.10526316  3.0175694
819  Ntsc1861  0.06666667  5.3746807
820  Ntsc1862  0.12195122 -0.9323387
928  Ntsc1970  0.12121212  9.4394010
932  Ntsc1974  0.12345679 -1.2682728
1010 Ntsc2052  0.11842105  7.5355903
1014 Ntsc2056  0.09836066  3.5442276
1074 Ntsc2116  0.12621359  9.9616166
1080 Ntsc2122  0.06451613 -0.5776564
1124 Ntsc2167  0.09090909  7.2798240
1143 Ntsc2186  0.12244898  7.4907563
1168 Ntsc2211  0.10932476 11.3045806
1182 Ntsc2225  0.11666667  6.6279972
1195 Ntsc2238  0.11428571  6.9942382
1204 Ntsc2247  0.12068966  4.9146259
1253 Ntsc2296  0.00000000 -2.0605313
1335 Ntsc2378  0.06402439 11.0339261
1376 Ntsc2419  0.07692308  1.2393307
1419 Ntsc2462  0.10526316 -2.3034322
1421 Ntsc2464  0.11764706 -2.3991917
1429 Ntsc2472  0.06250000 -1.9061985
1447 Ntsc2490  0.08695652  5.0547834
1517 Ntsc2560  0.09004739  8.0956074
1711 Ntsc2754  0.03125000  1.7918184
1715 Ntsc2758  0.11827957  8.7265766
1744 Ntsc2787  0.12048193  1.8289963
1773 Ntsc2816  0.10000000  7.3753989
1776 Ntsc2819  0.10000000  5.8137686
1798 Ntsc2841  0.03960396 -0.6534570
1842 Ntsc2886  0.08450704  2.0145330
1935 Ntsc2980  0.12244898  3.7767864
1977 Ntsc3022  0.00000000  9.3265959
2014 Ntsc3059  0.06908769 10.9979348
2031 Ntsc3076  0.10526316  5.8951156
2057 Ntsc3102  0.08781362  7.4295476
2250 Ntsc3295  0.00000000  7.5898190
2302 Ntsc3347  0.03977273  7.3035063
2322 Ntsc3367  0.12676056  9.1249313
2382 Ntsc3427  0.11971831  9.8835820
2570 Ntsc3615  0.11864407  8.2915172
2576 Ntsc3621  0.12295082  5.1769074
2646 Ntsc3692  0.10909091  7.6243179
2664 Ntsc3710  0.00000000  5.6745363
2698 Ntsc3744  0.11764706  9.7391113
2726 Ntsc3772  0.09302326  6.9102167
2830 Ntsc3876  0.11842105 10.4237521
2837 Ntsc3883  0.10714286  5.4633643
2838 Ntsc3884  0.12765957  9.6168573
2918 Ntsc3965  0.11392405  4.0783084
2935 Ntsc3982  0.11805556  9.9609964
3027 Ntsc4074  0.00000000  9.2845144
3046 Ntsc4093  0.11111111  8.2580321
3169 Ntsc4216  0.11428571  5.5703192
3320 Ntsc4367  0.11764706  4.8903537
3360 Ntsc4407  0.11940299  5.8030235
3364 Ntsc4411  0.07716049 12.5486047
3466 Ntsc4513  0.10937500  7.4891520
3478 Ntsc4525  0.06766917  0.6421920
3568 Ntsc4615  0.06451613  5.8610600
3578 Ntsc4625  0.11666667  3.5378009
3624 Ntsc4671  0.07692308  6.3823569
3656 Ntsc4703  0.05405405 -0.5177645
3663 Ntsc4710  0.07692308 -0.8368126
3709 Ntsc4756  0.06250000  0.5551279
3712 Ntsc4759  0.00000000 -1.4290923
3790 Ntsc4837  0.11764706  0.8142943
3798 Ntsc4845  0.11917098  4.4678619
3811 Ntsc4858  0.12777778 10.6626128
3812 Ntsc4859  0.11801242 10.7730297
4050 Ntsc5097  0.11194030  9.1300836
4075 Ntsc5122  0.12785388  8.2046211
4103 Ntsc5150  0.09677419  7.1516332
4115 Ntsc5162  0.12426036  8.5897377
4144 Ntsc5191  0.07936508 11.2372372
4145 Ntsc5192  0.03300330 10.3186027
4150 Ntsc5197  0.12195122  7.6649750
4187 Ntsc5234  0.04545455  0.8488386
4346 Ntsc5394  0.00000000  2.1855221
4377 Ntsc5425  0.10144928  4.2428260
4430 Ntsc5478  0.12500000  8.0506007
4461 Ntsc5509  0.05772231  5.7764796
4463 Ntsc5511  0.09523810  0.2774389
4487 Ntsc5535  0.09589041 12.0419803
4496 Ntsc5544  0.00000000  6.7301471
4594 Ntsc5642  0.12711864 10.8450986
4708 Ntsc5756  0.10112360  9.9871312
4761 Ntsc5809  0.10344828  6.2205097
4968 Ntsc6016  0.09876543  3.9795870
4972 Ntsc6020  0.12500000 13.4912364
4990 Ntsc6038  0.11627907  7.9593899
5011 Ntsc6059  0.12676056  1.6537494
5023 Ntsc6071  0.04000000  0.3414247
5027 Ntsc6075  0.10000000 -1.2476687
5029 Ntsc6077  0.12500000  0.7029094
5068 Ntsc6116  0.12643678 -2.3514972
5107 Ntsc6155  0.00000000  1.6133456
5149 Ntsc6197  0.08490566  0.6514825
5179 Ntsc6227  0.12345679 -0.8469908
5189 Ntsc6237  0.12345679  5.2798408
5200 Ntsc6248  0.06493506  7.3840421
5261 Ntsc6309  0.06000000  8.9536706
5280 Ntsc6328  0.12429379  9.0094153
5291 Ntsc6339  0.12371134  6.5276464
5351 Ntsc6400  0.00000000  6.3180182
5430 Ntsc6479  0.10465116 10.5873221
5490 Ntsc6539  0.09722222  0.3273929
5533 Ntsc6583  0.12037037  6.8398939
5574 Ntsc6625  0.06250000  6.5349277
5623 Ntsc6674  0.10909091  8.7162597
5630 Ntsc6681  0.07142857  3.5140944
5643 Ntsc6694  0.12295082  8.3946038
5664 Ntsc6715  0.07594937  9.1690470
5682 Ntsc6733  0.08695652  7.7703804
5696 Ntsc6747  0.06006006  8.1598403
5756 Ntsc6807  0.12121212  1.0121527
5781 Ntsc6832  0.09580838 13.2745537
5853 Ntsc6904  0.11180124 -1.2956294
5868 Ntsc6919  0.12195122  5.2456831
5893 Ntsc6944  0.08108108  7.6737561
5928 Ntsc6979  0.10989011 10.0518003
5991 Ntsc7042  0.00000000  4.7704359
5997 Ntsc7048  0.03846154  7.5574282
6009 Ntsc7060  0.11428571 -2.3991328
6024 Ntsc7075  0.11111111  9.2863570
6054 Ntsc7105  0.10000000 -0.5170768
6074 Ntsc7125  0.05540897  8.2917883
6078 Ntsc7129  0.12777778  5.4853606
6079 Ntsc7130  0.07938389 11.6407571
6106 Ntsc7157  0.00000000  3.8702488
6120 Ntsc7171  0.11764706  4.6551931
6141 Ntsc7192  0.12500000  3.4658548
6143 Ntsc7194  0.12244898  4.7059080
6427 Ntsc7479  0.11805556  7.5980276
6433 Ntsc7485  0.12068966  6.6020359
6468 Ntsc7520  0.06666667  9.0561656
6480 Ntsc7532  0.10344828  2.2362725
6488 Ntsc7540  0.09836066 -1.8288650
6573 Ntsc7625  0.11111111  5.5833027
6623 Ntsc7675  0.12686567  3.4808754
6646 Ntsc7699  0.10714286 10.1967504
6649 Ntsc7702  0.08571429 10.3623826
6720 Ntsc7773  0.11764706  8.6534455
6737 Ntsc7790  0.10354223 11.8758471
6761 Ntsc7814  0.06122449  7.6464282
6796 Ntsc7849  0.08695652  5.2794283
6797 Ntsc7850  0.06225681 10.5498172
6811 Ntsc7864  0.10958904 10.6244969
6827 Ntsc7880  0.11627907  0.2788227
6837 Ntsc7890  0.08176101  6.8094756
6838 Ntsc7891  0.06190476  2.1551801
6841 Ntsc7894  0.11764706  1.6378548
6855 Ntsc7908  0.09117647  5.7701218
6865 Ntsc7918  0.12195122  4.4724523
6880 Ntsc7933  0.05882353  7.0063518
6901 Ntsc7954  0.11570248 10.5528857
6933 Ntsc7986  0.00000000  0.8669279
6934 Ntsc7987  0.11111111 -0.7901864
6964 Ntsc8017  0.00000000  3.7056858
7070 Ntsc8123  0.10000000 -0.9721044
7084 Ntsc8137  0.11475410  5.2757413
7101 Ntsc8154  0.12195122 -0.6997329
7107 Ntsc8160  0.02536232  8.4719450

$sito_BA_sex
       Geneid methylation   expression
7    Ntsc1048  0.08860759  7.034720581
28   Ntsc1069  0.12127660  7.859119881
77   Ntsc1118  0.02083333  6.297701885
97   Ntsc1138  0.00000000  9.898440825
129  Ntsc1170  0.12000000  8.645125399
193  Ntsc1234  0.00000000  7.862254220
273  Ntsc1314  0.09433962  0.262839273
283  Ntsc1324  0.12345679  5.932400580
313  Ntsc1354  0.12592593  6.973097965
385  Ntsc1426  0.00000000  3.400795284
406  Ntsc1447  0.00000000  0.006707957
411  Ntsc1453  0.09090909 -0.036700323
458  Ntsc1500  0.08823529  6.925756677
618  Ntsc1660  0.08928571 11.978347758
636  Ntsc1678  0.10526316  4.690734968
657  Ntsc1699  0.13333333  1.508803369
662  Ntsc1704  0.04878049 -0.013156233
663  Ntsc1705  0.12290503  1.978271983
684  Ntsc1726  0.11428571  4.591582785
734  Ntsc1776  0.04444444 11.237494863
772  Ntsc1814  0.12987013  6.930525484
782  Ntsc1824  0.06250000  3.092669986
797  Ntsc1839  0.10000000 -1.820349177
849  Ntsc1891  0.12643678 -0.983441031
878  Ntsc1920  0.12871287 -2.398664894
928  Ntsc1970  0.10606061 10.412672942
980  Ntsc2022  0.11949686  1.790444138
1009 Ntsc2051  0.11235955  2.359743848
1010 Ntsc2052  0.13157895  7.723089332
1082 Ntsc2124  0.09677419  6.845660238
1124 Ntsc2167  0.11363636  7.213205723
1168 Ntsc2211  0.11575563 10.846519048
1250 Ntsc2293  0.12903226  7.624432866
1253 Ntsc2296  0.00000000 -2.051968062
1308 Ntsc2351  0.05084746 -0.064955915
1335 Ntsc2378  0.09451220 10.718750716
1421 Ntsc2464  0.11764706 -2.399257481
1423 Ntsc2466  0.12500000 -2.303816857
1433 Ntsc2476  0.10256410  0.000000000
1447 Ntsc2490  0.08695652  6.131765718
1475 Ntsc2518  0.11111111  2.272773030
1491 Ntsc2534  0.11428571 11.972996741
1528 Ntsc2571  0.12935323 10.250215468
1570 Ntsc2613  0.09803922  4.701635341
1571 Ntsc2614  0.09615385  4.095015500
1641 Ntsc2684  0.13114754  6.926611151
1669 Ntsc2712  0.11764706  7.625655275
1711 Ntsc2754  0.00000000  1.649259831
1753 Ntsc2796  0.12903226  8.213924572
1798 Ntsc2841  0.11881188 -0.634771788
1858 Ntsc2902  0.11904762  9.238347219
1935 Ntsc2980  0.10204082  3.851487176
2014 Ntsc3059  0.07617360 10.491464029
2057 Ntsc3102  0.10752688  7.311511018
2126 Ntsc3171  0.12962963  8.031735053
2150 Ntsc3195  0.12745098  9.026887442
2192 Ntsc3237  0.13235294  9.607756133
2250 Ntsc3295  0.00000000  4.648069856
2403 Ntsc3448  0.12790698  5.153663835
2455 Ntsc3500  0.11764706  6.765073493
2570 Ntsc3615  0.11864407  8.457254986
2582 Ntsc3627  0.13076923  1.966678100
2812 Ntsc3858  0.12500000  2.278083184
2830 Ntsc3876  0.13157895  9.620776100
2847 Ntsc3893  0.10769231  6.720299944
2879 Ntsc3925  0.10526316  4.076810752
2916 Ntsc3963  0.05263158 -0.436665917
2935 Ntsc3982  0.11805556 10.245567779
3060 Ntsc4107  0.13043478 -1.500332602
3320 Ntsc4367  0.11764706  4.376506510
3364 Ntsc4411  0.11419753 12.487181364
3381 Ntsc4428  0.10638298  5.926310157
3405 Ntsc4452  0.06521739  5.057410723
3478 Ntsc4525  0.09022556  0.617687077
3630 Ntsc4677  0.13114754 11.377154432
3712 Ntsc4759  0.10526316 -1.347612168
3769 Ntsc4816  0.08771930  3.277413727
3838 Ntsc4885  0.12931034  8.741749288
3897 Ntsc4944  0.09375000  8.816829448
3924 Ntsc4971  0.11640212 -1.310741991
4180 Ntsc5227  0.11016949  8.558151137
4187 Ntsc5234  0.02272727  0.944350448
4353 Ntsc5401  0.10714286 -1.323863101
4363 Ntsc5411  0.12500000  5.214157848
4437 Ntsc5485  0.00000000  9.586176431
4460 Ntsc5508  0.08695652 -0.556627849
4496 Ntsc5544  0.08333333  7.503020448
4682 Ntsc5730  0.09302326  6.111410377
4727 Ntsc5775  0.11956522  9.128992378
4792 Ntsc5840  0.11111111 -1.879273354
5012 Ntsc6060  0.12962963 -0.010795797
5083 Ntsc6131  0.11538462 -1.075922606
5107 Ntsc6155  0.00000000  1.663373576
5351 Ntsc6400  0.00000000  5.191489670
5410 Ntsc6459  0.10204082  2.365259472
5510 Ntsc6559  0.11475410  4.724774379
5630 Ntsc6681  0.00000000  1.977159050
5650 Ntsc6701  0.13333333  5.880069227
5664 Ntsc6715  0.10126582  8.568611286
5666 Ntsc6717  0.09615385  9.185036479
5960 Ntsc7011  0.12500000  9.887125060
5961 Ntsc7012  0.00000000  7.753908150
5976 Ntsc7027  0.05084746  1.676550455
5991 Ntsc7042  0.12500000  6.121244386
6017 Ntsc7068  0.11764706  8.422742435
6068 Ntsc7119  0.08333333  0.443442255
6079 Ntsc7130  0.09360190 11.024512853
6107 Ntsc7158  0.12500000  2.724651367
6120 Ntsc7171  0.05882353  4.509417707
6158 Ntsc7209  0.10416667  6.294656666
6192 Ntsc7243  0.12121212  6.005577860
6488 Ntsc7540  0.13114754 -1.820226531
6536 Ntsc7588  0.11250000  4.045152994
6600 Ntsc7652  0.12500000  5.350751578
6641 Ntsc7694  0.12121212  9.556980198
6646 Ntsc7699  0.08928571  9.234382721
6651 Ntsc7704  0.11320755  9.231365025
6715 Ntsc7768  0.13043478  6.823890395
6743 Ntsc7796  0.08695652  0.034445438
6761 Ntsc7814  0.10204082  9.678376577
6803 Ntsc7856  0.10810811  7.979516427
6855 Ntsc7908  0.09411765  6.331027135
6856 Ntsc7909  0.13197970 11.156823477
6934 Ntsc7987  0.11111111 -0.791789989
6936 Ntsc7989  0.10294118  0.405277588
7045 Ntsc8098  0.09677419  4.042464268
7062 Ntsc8115  0.09756098  0.394280080
7070 Ntsc8123  0.10000000 -0.995153768
7075 Ntsc8128  0.11627907 -1.182085535
7091 Ntsc8144  0.11111111  1.220749197
7101 Ntsc8154  0.07317073 -0.461644685
7107 Ntsc8160  0.04166667  8.191688207

$sito_sa_sex
       Geneid methylation   expression
7    Ntsc1048  0.16455696  7.135955439
28   Ntsc1069  0.15531915  7.872763082
77   Ntsc1118  0.12500000  6.228383870
80   Ntsc1121  0.05882353  0.154731168
97   Ntsc1138  0.00000000  9.980006392
142  Ntsc1183  0.07692308  0.136486563
193  Ntsc1234  0.00000000  7.890158727
273  Ntsc1314  0.14150943  0.349175707
283  Ntsc1324  0.16049383  5.792382633
385  Ntsc1426  0.00000000  3.406685317
406  Ntsc1447  0.00000000  0.571242215
414  Ntsc1456  0.14035088  7.787753179
437  Ntsc1479  0.15306122  8.533506074
458  Ntsc1500  0.13725490  7.826763690
463  Ntsc1505  0.14893617  4.432018353
636  Ntsc1678  0.15789474  4.646350891
638  Ntsc1680  0.10714286  6.330730141
660  Ntsc1702  0.05882353 -2.255654889
662  Ntsc1704  0.14634146 -0.003433784
663  Ntsc1705  0.13221601  1.916272226
684  Ntsc1726  0.11428571  4.260872153
734  Ntsc1776  0.11111111 11.165185549
763  Ntsc1805  0.16216216  4.218044849
782  Ntsc1824  0.15625000  3.034854586
800  Ntsc1842  0.16161616  6.028730749
891  Ntsc1933  0.14705882  1.860457874
928  Ntsc1970  0.13636364 11.158655248
978  Ntsc2020  0.15714286  9.781099398
1014 Ntsc2056  0.14754098  2.714732117
1080 Ntsc2122  0.16129032 -0.556935488
1082 Ntsc2124  0.16129032  6.913500146
1101 Ntsc2144  0.15384615 -2.064694692
1124 Ntsc2167  0.13636364  7.587983920
1143 Ntsc2186  0.08163265  5.578804211
1168 Ntsc2211  0.12540193 10.985420521
1195 Ntsc2238  0.11428571  7.257686203
1308 Ntsc2351  0.11864407 -0.045736815
1335 Ntsc2378  0.09756098 10.816201871
1423 Ntsc2466  0.10714286 -2.303739414
1433 Ntsc2476  0.07692308  0.000000000
1447 Ntsc2490  0.04347826  6.035344136
1479 Ntsc2522  0.14516129  8.253497476
1494 Ntsc2537  0.10389610  4.379699187
1522 Ntsc2565  0.11764706  3.943541270
1592 Ntsc2635  0.11881188  1.555684850
1690 Ntsc2733  0.15384615  8.342135311
1711 Ntsc2754  0.06250000  1.292493157
1713 Ntsc2756  0.14705882  1.924740925
1715 Ntsc2758  0.15053763  5.623657007
1773 Ntsc2816  0.15000000  7.651713123
1776 Ntsc2819  0.15000000  4.455129072
1798 Ntsc2841  0.10891089 -0.714350688
1842 Ntsc2886  0.14084507  2.264485667
2014 Ntsc3059  0.07174491 10.331115939
2031 Ntsc3076  0.15789474  4.519411759
2041 Ntsc3086  0.15254237  1.846973119
2057 Ntsc3102  0.10573477  7.258319304
2142 Ntsc3187  0.13684211  6.548187827
2192 Ntsc3237  0.13235294  9.669117705
2499 Ntsc3544  0.09375000  8.144317308
2525 Ntsc3570  0.16049383  6.711473307
2754 Ntsc3800  0.14754098  9.075281642
2774 Ntsc3820  0.15873016  7.051202634
2898 Ntsc3945  0.15501520  1.487284664
3046 Ntsc4093  0.14814815  7.666274269
3179 Ntsc4226  0.15094340  7.684017812
3348 Ntsc4395  0.15151515  3.424011308
3364 Ntsc4411  0.10802469 12.130952977
3389 Ntsc4436  0.15873016  3.059966666
3396 Ntsc4443  0.13636364  7.068926263
3460 Ntsc4507  0.16049383  8.011478773
3478 Ntsc4525  0.09774436  0.565848206
3509 Ntsc4556  0.12765957  6.823838510
3624 Ntsc4671  0.15384615  6.453091192
3656 Ntsc4703  0.16216216 -0.564713476
3663 Ntsc4710  0.15384615 -0.770454052
3709 Ntsc4756  0.15625000  0.513521575
3712 Ntsc4759  0.05263158 -1.374905352
3714 Ntsc4761  0.11363636 -0.877586611
3762 Ntsc4809  0.16101695  8.338768854
3790 Ntsc4837  0.05882353  0.954996220
3831 Ntsc4878  0.15789474 11.175398191
3897 Ntsc4944  0.07812500  8.789384571
4074 Ntsc5121  0.15217391  1.565799784
4103 Ntsc5150  0.09677419  3.637584873
4267 Ntsc5315  0.15384615  6.191819791
4346 Ntsc5394  0.00000000  2.089476032
4353 Ntsc5401  0.16071429 -1.323352686
4430 Ntsc5478  0.12500000  7.278397060
4460 Ntsc5508  0.04347826 -0.584637787
4496 Ntsc5544  0.08333333  7.897956773
4538 Ntsc5586  0.13636364  2.557530624
4545 Ntsc5593  0.15384615  4.706634837
4690 Ntsc5738  0.16071429  2.904515517
4792 Ntsc5840  0.08333333 -1.879004040
4990 Ntsc6038  0.13953488  9.430673474
5023 Ntsc6071  0.08000000  0.447207051
5029 Ntsc6077  0.07142857  0.718110568
5107 Ntsc6155  0.08333333  1.488825478
5189 Ntsc6237  0.14814815  5.825189143
5351 Ntsc6400  0.00000000  5.329749564
5410 Ntsc6459  0.13265306  2.348258334
5510 Ntsc6559  0.16393443  4.890744164
5516 Ntsc6565  0.15730337  9.865726324
5559 Ntsc6609  0.10256410 -2.157005107
5630 Ntsc6681  0.07142857  2.432978897
5664 Ntsc6715  0.11814346  8.650823321
5666 Ntsc6717  0.15384615  9.373289834
5696 Ntsc6747  0.13213213  8.009859806
5704 Ntsc6755  0.10000000  0.812594645
5735 Ntsc6786  0.13986014  6.852558731
5756 Ntsc6807  0.15151515  1.058466578
5781 Ntsc6832  0.14970060 12.968176216
5849 Ntsc6900  0.16260163 10.249397607
5868 Ntsc6919  0.10975610  6.821543822
5962 Ntsc7013  0.16279070 -2.399379130
5976 Ntsc7027  0.13559322  1.581287222
5991 Ntsc7042  0.12500000  5.186730742
5994 Ntsc7045  0.16000000 10.040322373
6054 Ntsc7105  0.10000000 -0.598870356
6064 Ntsc7115  0.13333333  2.253704889
6079 Ntsc7130  0.09715640 10.909202210
6087 Ntsc7138  0.15151515  2.724967623
6107 Ntsc7158  0.15625000  3.034873574
6120 Ntsc7171  0.11764706  5.544269059
6141 Ntsc7192  0.12500000  2.715626245
6158 Ntsc7209  0.08333333  6.610291711
6192 Ntsc7243  0.09090909  6.074392914
6234 Ntsc7285  0.12280702  4.934357958
6250 Ntsc7301  0.16417910  3.569752994
6358 Ntsc7410  0.16000000  8.166767424
6480 Ntsc7532  0.15517241  3.123403459
6573 Ntsc7625  0.15740741  4.571396885
6646 Ntsc7699  0.08928571  9.319790193
6668 Ntsc7721  0.15789474  6.199872665
6737 Ntsc7790  0.15803815 11.863501149
6749 Ntsc7802  0.13157895  6.630668680
6755 Ntsc7808  0.15873016  5.891249400
6796 Ntsc7849  0.13043478  2.931505459
6797 Ntsc7850  0.09338521 10.066506645
6855 Ntsc7908  0.09117647  6.126758108
6865 Ntsc7918  0.14634146  4.512757168
6933 Ntsc7986  0.00000000  0.813074530
6934 Ntsc7987  0.11111111 -0.791752036
6936 Ntsc7989  0.14705882  0.405395882
6986 Ntsc8039  0.15044248  5.289342064
7019 Ntsc8072  0.16058394 -1.289121346
7075 Ntsc8128  0.13953488 -1.139794636
7076 Ntsc8129  0.15384615  8.826087426
7081 Ntsc8134  0.12500000  8.369129252
7091 Ntsc8144  0.11111111  1.196351038
7101 Ntsc8154  0.07317073 -0.680780378
7107 Ntsc8160  0.04710145  8.306146096

