$crassa_BA_sex
       Geneid methylation  expression
97   Ntsc1138   0.5000000  9.78848036
193  Ntsc1234   0.5000000  6.68451645
362  Ntsc1403   0.3684211  7.83012348
417  Ntsc1459   0.3809524  9.30554423
420  Ntsc1462   0.7142857 11.19905364
458  Ntsc1500   0.8235294  9.91113421
521  Ntsc1563   0.3557692  8.45190940
526  Ntsc1568   0.3725490  9.16892330
557  Ntsc1599   0.4285714  8.63666384
638  Ntsc1680   0.3571429  4.76868203
663  Ntsc1705   0.4972067  2.22056952
695  Ntsc1737   0.4305556 -1.63311368
728  Ntsc1770   0.5000000 -2.25531075
751  Ntsc1793   0.3740157  8.45982170
810  Ntsc1852   0.3684211  1.93237894
854  Ntsc1896   0.3841808  9.10409502
1168 Ntsc2211   0.4630225 12.39966336
1173 Ntsc2216   0.3597122  9.34835815
1190 Ntsc2233   0.5000000  9.51031539
1243 Ntsc2286   0.3859649  6.38664953
1276 Ntsc2319   0.4210526  7.72799122
1335 Ntsc2378   0.3810976 10.67528765
1389 Ntsc2432   0.3562874  8.42403402
1411 Ntsc2454   0.5000000  2.63998629
1421 Ntsc2464   0.4117647 -2.39909675
1556 Ntsc2599   0.3936170  6.84363428
1628 Ntsc2671   0.4050633  5.68050282
1632 Ntsc2675   0.3606557  8.21444728
1657 Ntsc2700   0.3579545  7.81961830
1677 Ntsc2720   0.3649635  6.91293417
1689 Ntsc2732   0.3551402  7.90737218
1798 Ntsc2841   0.4257426 -0.72753265
1876 Ntsc2920   0.3768116  6.70600411
2014 Ntsc3059   0.5137290 11.74475312
2057 Ntsc3102   0.4229391  6.81203126
2224 Ntsc3269   0.3593750  8.14206993
2248 Ntsc3293   0.5555556  7.47879270
2302 Ntsc3347   0.4886364  6.99541011
2341 Ntsc3386   0.3787879  9.97887289
2356 Ntsc3401   0.4736842  9.99021569
2570 Ntsc3615   0.3728814  7.07746233
2609 Ntsc3654   0.3583333  5.39450363
2692 Ntsc3738   0.3612903  9.20426149
2888 Ntsc3934   0.3750000 -2.10294480
2913 Ntsc3960   0.3571429  6.15347453
3027 Ntsc4074   1.0000000  9.58231320
3060 Ntsc4107   0.4347826 -1.39688222
3119 Ntsc4166   0.3548387  8.66847809
3125 Ntsc4172   0.4431818  8.82337663
3269 Ntsc4316   0.6184211  1.04257111
3358 Ntsc4405   0.3668639 10.29428494
3364 Ntsc4411   0.5154321 12.46677404
3379 Ntsc4426   0.3644860  3.21172655
3428 Ntsc4475   0.3548387 10.99816842
3478 Ntsc4525   0.4360902  0.57175690
3529 Ntsc4576   0.3688525 13.24425849
3575 Ntsc4622   0.3953488  5.20128101
3839 Ntsc4886   0.3787879 10.08362738
4013 Ntsc5060   0.4166667  9.21965010
4184 Ntsc5231   0.3676471  7.08755486
4245 Ntsc5292   0.4146341  9.45457105
4364 Ntsc5412   0.3728814  6.79413245
4467 Ntsc5515   0.3757225 13.90842047
4485 Ntsc5533   0.3956044  7.51704623
4491 Ntsc5539   0.3536585  3.65338789
4951 Ntsc5999   0.3859649  7.48793179
5017 Ntsc6065   0.4042553  5.92361456
5051 Ntsc6099   0.3658537  7.24326220
5107 Ntsc6155   0.4166667  1.57947792
5113 Ntsc6161   0.3636364  9.84442753
5125 Ntsc6173   0.4051282  9.47193960
5262 Ntsc6310   0.4736842  0.29403736
5266 Ntsc6314   0.3636364  4.35227638
5267 Ntsc6315   0.4461538  7.11258572
5274 Ntsc6322   0.3666667 -1.00048853
5351 Ntsc6400   0.5000000  5.74076618
5511 Ntsc6560   0.3647059 13.69081742
5521 Ntsc6570   0.3555556  8.68738481
5560 Ntsc6610   0.3600000  0.15007780
5584 Ntsc6635   0.3595506  0.06346183
5650 Ntsc6701   0.4000000  6.66068479
5664 Ntsc6715   0.5105485  9.43653558
5669 Ntsc6720   0.3809524  9.56964233
5781 Ntsc6832   0.4311377 12.68206547
5915 Ntsc6966   0.3723404  6.76069948
6007 Ntsc7058   0.3666667  9.07377257
6036 Ntsc7087   0.3852459  9.29713552
6074 Ntsc7125   0.9287599  7.47948204
6079 Ntsc7130   0.5699052 10.99007359
6086 Ntsc7137   0.5000000 -2.30316329
6106 Ntsc7157   0.5000000  3.58094060
6307 Ntsc7359   0.3636364  9.03577192
6496 Ntsc7548   0.6956522 12.63760023
6497 Ntsc7549   0.4419411 10.12105235
6518 Ntsc7570   0.3942308  6.59134116
6737 Ntsc7790   0.3978202 12.19667531
6745 Ntsc7798   0.3809524  6.07793757
6753 Ntsc7806   0.3559322  1.45322454
6797 Ntsc7850   0.5330739 10.72047711
6839 Ntsc7892   0.3571429 10.30774462
6855 Ntsc7908   0.5323529  6.00099719
6944 Ntsc7997   0.3888889 11.40361564
7095 Ntsc8148   0.5714286  7.74873710
7107 Ntsc8160   0.9565217  8.01902888

$crassa_sa_sex
       Geneid methylation expression
28   Ntsc1069   0.4255319 10.6788883
97   Ntsc1138   0.5000000  9.8092783
98   Ntsc1139   0.3888889  6.0238993
100  Ntsc1141   0.5000000  6.1900026
105  Ntsc1146   0.3978495  7.5132264
193  Ntsc1234   0.5000000  6.6331209
385  Ntsc1426   0.5000000  3.7190053
458  Ntsc1500   0.8202614  9.8661401
486  Ntsc1528   0.3800000  1.9014802
642  Ntsc1684   0.4230769  7.3766584
663  Ntsc1705   0.7914339  2.3694431
681  Ntsc1723   0.3725490  2.5049787
696  Ntsc1738   0.4857143  2.5216111
699  Ntsc1741   0.3743590  5.9852266
728  Ntsc1770   0.7500000 -2.2554851
768  Ntsc1810   0.4338235 12.5562802
842  Ntsc1884   0.3766234  7.2807231
1046 Ntsc2088   0.3794643 10.9275989
1168 Ntsc2211   0.8231511 12.4617486
1194 Ntsc2237   0.4516129  2.8584095
1259 Ntsc2302   0.3846154  9.4579851
1276 Ntsc2319   0.4210526  7.7759332
1284 Ntsc2327   0.3913043  9.1858786
1335 Ntsc2378   0.6250000 10.7621640
1389 Ntsc2432   0.3772455  8.3669126
1411 Ntsc2454   0.5000000  2.6255680
1454 Ntsc2497   0.3875000 10.0393289
1556 Ntsc2599   0.4042553  6.9290432
1563 Ntsc2606   0.5106383  6.6173213
1583 Ntsc2626   0.4311377  6.7789058
1667 Ntsc2710   0.5263158  5.9454790
1715 Ntsc2758   0.6236559  8.5199626
1776 Ntsc2819   0.3733333  6.2659104
1798 Ntsc2841   0.7623762 -0.7124533
1879 Ntsc2923   0.3863636  7.6458736
1977 Ntsc3022   0.4117647  9.0438788
2014 Ntsc3059   0.8635961 12.3400244
2057 Ntsc3102   0.6756272  6.7222825
2119 Ntsc3164   0.3873874  9.7724394
2239 Ntsc3284   0.3857143  5.9062426
2248 Ntsc3293   0.4444444  7.4835955
2302 Ntsc3347   0.7954545  6.7949958
2323 Ntsc3368   0.3750000  5.7611534
2341 Ntsc3386   0.3787879  9.9949893
2629 Ntsc3675   0.4301552 11.6620790
2648 Ntsc3694   0.4094755  9.1159983
3006 Ntsc4053   0.4202899  9.7370506
3017 Ntsc4064   0.3974359 12.0724905
3027 Ntsc4074   1.0000000  9.5761589
3364 Ntsc4411   0.7376543 12.3570335
3478 Ntsc4525   0.5488722  0.5562222
3483 Ntsc4530   0.3766234  9.2717152
3520 Ntsc4567   0.3723404  8.8691311
3718 Ntsc4765   0.3736264  8.0040027
3799 Ntsc4846   0.4566474 10.8633734
3803 Ntsc4850   0.3888889  8.2612859
3839 Ntsc4886   0.3787879 10.1422641
4145 Ntsc5192   0.4158416 10.5247840
4175 Ntsc5222   0.4103774  9.7241658
4185 Ntsc5232   0.3907563  0.6716360
4377 Ntsc5425   0.3913043  2.1701504
4471 Ntsc5519   0.3712871  8.6380125
4480 Ntsc5528   0.3928571  5.6361762
4485 Ntsc5533   0.3846154  8.1380132
4537 Ntsc5585   0.3969466 10.1887743
4659 Ntsc5707   0.4400000  7.9254757
4775 Ntsc5823   0.4137931  6.5558043
4817 Ntsc5865   0.3719677 10.6781756
4872 Ntsc5920   0.4232143 13.7246294
5002 Ntsc6050   0.4193548  9.0493835
5017 Ntsc6065   0.4893617  5.7173578
5091 Ntsc6139   0.3829787  7.1941745
5225 Ntsc6273   0.3803419 11.1756513
5261 Ntsc6309   0.6080000  8.8299447
5262 Ntsc6310   0.4736842  0.2503917
5351 Ntsc6400   0.5000000  5.7106880
5511 Ntsc6560   0.3882353 13.7809191
5541 Ntsc6591   0.4444444  0.7922307
5603 Ntsc6654   0.3846154  6.1810741
5636 Ntsc6687   0.3839286  9.1406941
5650 Ntsc6701   0.4666667  6.9283153
5664 Ntsc6715   0.5485232  9.7338772
5739 Ntsc6790   0.4081633  8.2620972
5766 Ntsc6817   0.4180556 10.2465431
5774 Ntsc6825   0.3719807 10.5739742
5784 Ntsc6835   0.4563758 10.4569565
5908 Ntsc6959   0.3834586 10.3977585
5915 Ntsc6966   0.3723404  6.8119386
5944 Ntsc6995   0.3764706  8.2166294
5960 Ntsc7011   0.4166667 10.7111718
6036 Ntsc7087   0.3852459  9.0115959
6074 Ntsc7125   0.9920844  7.3964691
6078 Ntsc7129   0.4833333  6.6390302
6079 Ntsc7130   0.8791469 10.7156099
6086 Ntsc7137   0.5000000 -2.3019018
6106 Ntsc7157   0.5000000  3.6104118
6162 Ntsc7213   0.3908046  8.1235086
6208 Ntsc7259   0.4133333  7.1897428
6496 Ntsc7548   0.6956522 12.5778964
6497 Ntsc7549   0.4055459 10.1383915
6726 Ntsc7779   0.4425087 11.3965669
6737 Ntsc7790   0.4604905 12.2070192
6795 Ntsc7848   0.4500000  3.3794029
6797 Ntsc7850   0.4241245 10.5703405
6838 Ntsc7891   0.4333333  2.3327340
6845 Ntsc7898   0.4000000  9.1996227
6855 Ntsc7908   0.4794118  5.8832715
6899 Ntsc7952   0.4000000 -2.3033795
6906 Ntsc7959   0.3734177  9.0672662
7107 Ntsc8160   0.9637681  8.0090181

$L1_BA_sex
       Geneid methylation expression
97   Ntsc1138   0.5000000  9.5586502
134  Ntsc1175   1.0000000  8.4960774
172  Ntsc1213   0.2911392  9.1833138
194  Ntsc1235   0.2959184  8.0201804
269  Ntsc1310   0.3142857  8.0168334
342  Ntsc1383   0.2945736  8.3874564
364  Ntsc1405   0.4444444  7.6579474
385  Ntsc1426   0.5000000  4.8620692
387  Ntsc1428   0.3043478  8.1192127
393  Ntsc1434   0.3448276  1.6740815
420  Ntsc1462   0.4285714 10.5646398
429  Ntsc1471   0.3269231  7.1783697
494  Ntsc1536   0.2962963  5.4012288
513  Ntsc1555   0.3164557  5.5361142
520  Ntsc1562   0.3809524  6.1927038
562  Ntsc1604   0.2912621  7.3733681
594  Ntsc1636   0.3157895  8.3817098
638  Ntsc1680   0.3571429  5.3916187
644  Ntsc1686   0.3157895 -0.6837554
660  Ntsc1702   0.2941176 -2.2558996
695  Ntsc1737   0.3055556 -1.6270993
728  Ntsc1770   0.7500000 -2.2539710
750  Ntsc1792   0.3333333  7.7667163
751  Ntsc1793   0.3070866  8.8619653
800  Ntsc1842   0.3131313  6.8072358
936  Ntsc1978   0.3006135  5.9502221
1079 Ntsc2121   0.3307692  6.4605611
1190 Ntsc2233   0.3333333  8.7055447
1293 Ntsc2336   0.3007519  9.2003308
1327 Ntsc2370   0.2932331  9.8587373
1332 Ntsc2375   0.3333333  7.3497948
1343 Ntsc2386   0.2929936  4.2413694
1411 Ntsc2454   0.5000000  2.0902425
1534 Ntsc2577   0.3516484  7.4803695
1556 Ntsc2599   0.3191489  6.9042526
1571 Ntsc2614   0.3076923  6.1121452
1680 Ntsc2723   0.3274336  4.2962717
1763 Ntsc2806   0.3090909  7.2528986
1778 Ntsc2821   0.3018868 10.1483190
1833 Ntsc2877   0.3114754 -0.7749505
2055 Ntsc3100   0.3108108  9.4847798
2092 Ntsc3137   0.2957746 13.8869273
2241 Ntsc3286   0.2929293  9.6593931
2248 Ntsc3293   0.4444444  7.5739968
2249 Ntsc3294   0.2941176  7.5961843
2341 Ntsc3386   0.3636364  9.8326134
2356 Ntsc3401   0.4210526 10.5210549
2437 Ntsc3482   0.3068182  9.4266120
2490 Ntsc3535   0.2929936  8.7797741
2591 Ntsc3636   0.2962963  9.2022948
2608 Ntsc3653   0.3134328  7.2705340
2987 Ntsc4034   0.3055556  7.8785099
3006 Ntsc4053   0.3043478  9.8074721
3027 Ntsc4074   1.0000000  9.1226376
3031 Ntsc4078   0.3021978  9.5461740
3160 Ntsc4207   0.2916667  2.6081469
3164 Ntsc4211   0.3243243  1.4240662
3189 Ntsc4236   0.2948718  8.0141320
3252 Ntsc4299   0.3224044  8.0425758
3299 Ntsc4346   0.3529412  8.8791414
3337 Ntsc4384   0.5000000  7.3455170
3396 Ntsc4443   0.3636364  7.3954691
3398 Ntsc4445   0.3231707  7.2215613
3528 Ntsc4575   0.3043478  7.4695834
3557 Ntsc4604   0.3108108 -0.5088930
3591 Ntsc4638   0.3302752  8.0682451
3666 Ntsc4713   0.2987013  2.2416204
3793 Ntsc4840   0.3157895  8.8809366
3891 Ntsc4938   0.2941176  7.3693268
3903 Ntsc4950   0.2921348  8.1487933
4013 Ntsc5060   0.3333333  7.6386167
4049 Ntsc5096   0.2920354  9.2826303
4095 Ntsc5142   0.3333333  4.3764742
4245 Ntsc5292   0.3414634  9.6051954
4254 Ntsc5302   0.2947368 10.2669063
4320 Ntsc5368   0.3132530  9.9126014
4545 Ntsc5593   0.3461538  5.6889209
4629 Ntsc5677   0.3333333  9.7478554
4659 Ntsc5707   0.3200000  7.7747189
4664 Ntsc5712   0.2947368  7.9311299
4764 Ntsc5812   0.3157895 -0.9746399
4796 Ntsc5844   0.3414634  4.1024813
4966 Ntsc6014   0.3243243  8.1258272
4998 Ntsc6046   0.3058824  5.6343429
5053 Ntsc6101   0.3039648  8.5731086
5094 Ntsc6142   0.2919708  8.5565886
5113 Ntsc6161   0.3636364  9.5596335
5220 Ntsc6268   0.2923977  7.3129804
5239 Ntsc6287   0.4473684  7.2019970
5297 Ntsc6345   0.3111111  7.5788213
5335 Ntsc6383   0.3437500  7.8122957
5624 Ntsc6675   0.3086420  8.4836439
5705 Ntsc6756   0.2950820  7.1090017
5908 Ntsc6959   0.3082707 10.0769136
5915 Ntsc6966   0.3191489  6.0351124
5979 Ntsc7030   0.2964427  9.8260698
5998 Ntsc7049   0.3333333 -2.0616630
6020 Ntsc7071   0.3043478 10.9002611
6086 Ntsc7137   0.5000000 -2.3036929
6106 Ntsc7157   0.5000000  3.5417011
6117 Ntsc7168   0.3103448 12.0398613
6264 Ntsc7315   0.2957746  8.4426817
6269 Ntsc7320   0.3684211  6.0480290
6315 Ntsc7367   0.3714286 -2.0668693
6329 Ntsc7381   0.3048780 12.6329144
6513 Ntsc7565   0.3030303 -0.6466791
6604 Ntsc7656   0.3037975 -0.9017405
6616 Ntsc7668   0.3181818  5.7900130
6745 Ntsc7798   0.3492063  3.9300851
6768 Ntsc7821   0.3196721  1.2893435
6795 Ntsc7848   0.3000000  3.3259816
6834 Ntsc7887   0.2972973 -2.0135901
6883 Ntsc7936   0.4000000  6.7267763
6946 Ntsc7999   0.3513514  0.4375306
6964 Ntsc8017   0.5000000  4.0831330
7016 Ntsc8069   0.3188406  6.3608684
7023 Ntsc8076   0.3272727  7.3292651
7095 Ntsc8148   0.4285714  6.9296710

$L1_sa_sex
       Geneid methylation  expression
134  Ntsc1175   1.0000000  8.97954323
193  Ntsc1234   0.5000000  7.92492186
269  Ntsc1310   0.2666667  8.22712434
325  Ntsc1366   0.2640449  6.92501434
337  Ntsc1378   0.2769231  3.58450018
420  Ntsc1462   0.2857143 11.20449074
429  Ntsc1471   0.2692308  7.33052027
495  Ntsc1537   0.2931034  1.27428229
557  Ntsc1599   0.2857143  7.37092158
686  Ntsc1728   0.2673267  8.02325678
692  Ntsc1734   0.3076923  7.01613108
705  Ntsc1747   0.2812500 -1.16367881
728  Ntsc1770   0.7500000 -2.25624746
751  Ntsc1793   0.2677165  8.35996567
776  Ntsc1818   0.2745098  6.80499683
808  Ntsc1850   0.3043478  0.44862770
819  Ntsc1861   0.2666667  4.97119959
878  Ntsc1920   0.2871287 -2.39938279
891  Ntsc1933   0.2647059  2.35259259
914  Ntsc1956   0.2692308  9.38916322
956  Ntsc1998   0.2684825  7.95026069
960  Ntsc2002   0.2818182  8.78668571
970  Ntsc2012   0.2653061  9.45119450
1085 Ntsc2128   0.2826087  8.53659870
1090 Ntsc2133   0.2736842  8.39449692
1098 Ntsc2141   0.2812500  8.54941609
1157 Ntsc2200   0.3101604  8.46717397
1177 Ntsc2220   0.2786885  8.83690049
1179 Ntsc2222   0.2748092  8.93760312
1190 Ntsc2233   0.3333333  8.73374047
1223 Ntsc2266   0.2738095  1.42198297
1338 Ntsc2381   0.2686567  7.88462350
1356 Ntsc2399   0.2684564  7.82145790
1377 Ntsc2420   0.3513514  2.21515914
1401 Ntsc2444   0.2758621  0.80565904
1404 Ntsc2447   0.2916667  7.82396904
1434 Ntsc2477   0.2936508  9.25091416
1454 Ntsc2497   0.2750000  9.65385843
1482 Ntsc2525   0.2702703  7.57411937
1640 Ntsc2683   0.2926829 -1.97118062
1778 Ntsc2821   0.2893082 10.17726252
2055 Ntsc3100   0.2702703  9.35555240
2248 Ntsc3293   0.6666667  7.26756178
2303 Ntsc3348   0.2786885  9.01193982
2356 Ntsc3401   0.2982456 10.49178214
2490 Ntsc3535   0.2675159  8.76518631
2491 Ntsc3536   0.2656250  9.45847161
2608 Ntsc3653   0.3134328  7.38108365
2615 Ntsc3660   0.3119266  5.99709529
2669 Ntsc3715   0.2704082  9.99518265
2783 Ntsc3829   0.3333333  3.55956275
2876 Ntsc3922   0.2705314  5.94425688
3063 Ntsc4110   0.2807018 10.14713115
3154 Ntsc4201   0.3000000  7.53410064
3186 Ntsc4233   0.2905983  6.13762645
3252 Ntsc4299   0.2677596  8.39320015
3287 Ntsc4334   0.2857143  8.71107551
3299 Ntsc4346   0.2843137  9.02200369
3391 Ntsc4438   0.2666667  3.26128074
3397 Ntsc4444   0.2650602 12.17072548
3398 Ntsc4445   0.2682927  7.46728173
3520 Ntsc4567   0.2978723  8.55480387
3540 Ntsc4587   0.2800000  7.78977126
3575 Ntsc4622   0.2790698  3.40295887
3615 Ntsc4662   0.2870370  7.02190135
3663 Ntsc4710   0.3076923 -0.83515373
3666 Ntsc4713   0.2857143  2.36495053
3780 Ntsc4827   0.2815534  6.84175185
3796 Ntsc4843   0.3636364  1.92036987
4138 Ntsc5185   0.2758621  7.32380214
4267 Ntsc5315   0.3076923  7.86568347
4300 Ntsc5348   0.2649254 10.20511271
4364 Ntsc5412   0.2711864  6.60224841
4366 Ntsc5414   0.2758621  5.57470586
4448 Ntsc5496   0.2823529  0.43406519
4545 Ntsc5593   0.3461538  6.26728801
4629 Ntsc5677   0.3333333  9.64136158
4664 Ntsc5712   0.2947368  8.05340893
4688 Ntsc5736   0.3125000  7.54247449
4724 Ntsc5772   0.2684211  9.35852766
4776 Ntsc5824   0.2962963  1.71474140
4934 Ntsc5982   0.2839506 -2.25627038
5042 Ntsc6090   0.2727273  5.22368044
5096 Ntsc6144   1.0000000  7.26891619
5155 Ntsc6203   0.2692308  7.04089052
5220 Ntsc6268   0.2865497  7.29902078
5239 Ntsc6287   0.2894737  7.79592437
5248 Ntsc6296   0.3421053  6.27053364
5297 Ntsc6345   0.3000000  7.90915667
5335 Ntsc6383   0.3125000  8.04835080
5422 Ntsc6471   0.2763158  8.50757079
5448 Ntsc6497   0.2680412  9.77877210
5534 Ntsc6584   0.2727273  4.70807985
5560 Ntsc6610   0.3200000  0.00211245
5594 Ntsc6645   0.2830189  6.18815191
5650 Ntsc6701   0.2666667  5.38632255
5733 Ntsc6784   0.2941176  6.95098042
5818 Ntsc6869   0.2650602 -2.35168132
5870 Ntsc6921   0.3480000  0.61089279
6018 Ntsc7069   0.2820513 -0.91760633
6064 Ntsc7115   0.2666667  3.74967919
6092 Ntsc7143   0.2671756  7.72564687
6106 Ntsc7157   0.5000000  3.79314494
6162 Ntsc7213   0.2758621  7.94446618
6177 Ntsc7228   0.2747253  6.82068686
6208 Ntsc7259   0.3066667  7.41669049
6251 Ntsc7302   0.2682927  9.78409828
6307 Ntsc7359   0.3636364  8.87879127
6408 Ntsc7460   0.2652330  9.83685696
6599 Ntsc7651   0.2688172  6.61514571
6631 Ntsc7683   0.2675159  6.45098589
6704 Ntsc7757   0.2888889  8.33590732
6745 Ntsc7798   0.3333333  3.55933645
6768 Ntsc7821   0.2868852  1.01725646
6922 Ntsc7975   0.3333333 -2.01771895
6933 Ntsc7986   0.3333333  0.85589755
6963 Ntsc8016   0.2844828  2.20895216
6964 Ntsc8017   0.5000000  3.74452544
6980 Ntsc8033   0.2671756  1.87721851
6983 Ntsc8036   0.2931034 -0.54333898
7054 Ntsc8107   0.2696629  9.49842530

$L10_BA_sex
       Geneid methylation expression
100  Ntsc1141   0.3333333  5.7486413
102  Ntsc1143   0.3354839  4.7606752
191  Ntsc1232   0.3437500  9.2688243
222  Ntsc1263   0.3236715  9.0622146
269  Ntsc1310   0.3523810  8.0261315
349  Ntsc1390   0.3267327 10.5210174
364  Ntsc1405   0.3333333  7.7310223
387  Ntsc1428   0.3478261  7.9809335
420  Ntsc1462   0.5714286  9.6585201
472  Ntsc1514   0.3259259  6.7511715
493  Ntsc1535   0.3292683  6.8466106
520  Ntsc1562   0.3809524  6.2670111
572  Ntsc1614   0.4230769  3.8058162
594  Ntsc1636   0.3684211  8.4982668
681  Ntsc1723   0.3235294  2.4877913
689  Ntsc1731   0.3375527 10.0984489
695  Ntsc1737   0.3888889 -1.6439232
728  Ntsc1770   0.7500000 -2.2513338
743  Ntsc1785   0.3275862  6.4625095
808  Ntsc1850   0.4782609  0.5760267
819  Ntsc1861   0.4666667  5.5556055
822  Ntsc1864   0.3225806  6.8267134
825  Ntsc1867   0.3406593  0.4289202
836  Ntsc1878   0.3243243  6.0075989
844  Ntsc1886   0.3333333  7.1621176
846  Ntsc1888   0.3255814  9.0802802
1039 Ntsc2081   0.3488372  8.1151800
1085 Ntsc2128   0.3478261  7.0291770
1176 Ntsc2219   0.3404255  8.5697982
1177 Ntsc2220   0.3606557  8.9642424
1190 Ntsc2233   0.5000000  8.7613413
1259 Ntsc2302   0.3307692  9.5718791
1336 Ntsc2379   0.3538462  5.9974539
1343 Ntsc2386   0.3503185  4.2235596
1371 Ntsc2414   0.3387097  7.4886079
1377 Ntsc2420   0.3243243  4.1016827
1420 Ntsc2463   0.3684211  0.0000000
1424 Ntsc2467   0.3365854  8.5742025
1454 Ntsc2497   0.3500000  9.6402767
1456 Ntsc2499   0.3225806  6.3336189
1498 Ntsc2541   0.3355705  7.7865820
1509 Ntsc2552   0.3589744  6.6063657
1518 Ntsc2561   0.3229167  7.2347388
1640 Ntsc2683   0.3252033 -1.9698643
1680 Ntsc2723   0.3716814  3.3228484
1728 Ntsc2771   0.3297872  9.3638671
1735 Ntsc2778   0.3448276  7.1038258
1979 Ntsc3024   0.3333333  9.1654789
2248 Ntsc3293   0.5555556  7.1105211
2341 Ntsc3386   0.4090909  9.8767705
2406 Ntsc3451   0.3734940  9.3806190
2591 Ntsc3636   0.3386243  9.3635718
2662 Ntsc3708   0.3227273  9.5360579
2690 Ntsc3736   0.3716216  9.2269169
2718 Ntsc3764   0.3577586  8.3569594
2833 Ntsc3879   0.3409091  6.3773726
2868 Ntsc3914   0.3471074  8.9323136
2876 Ntsc3922   0.3285024  5.3221698
2889 Ntsc3935   0.5000000  1.3217863
2913 Ntsc3960   0.3333333  5.3840376
3006 Ntsc4053   0.3623188  9.9380698
3027 Ntsc4074   1.0000000  9.8598499
3147 Ntsc4194   0.3846154  4.5990829
3164 Ntsc4211   0.3243243  1.3894970
3252 Ntsc4299   0.3387978  7.6914526
3287 Ntsc4334   0.3238095  8.2453551
3299 Ntsc4346   0.3235294  8.4035937
3337 Ntsc4384   0.5000000  6.8598236
3379 Ntsc4426   0.3644860  3.8344799
3509 Ntsc4556   0.3617021  8.1486338
3519 Ntsc4566   0.3245614  7.8552306
3540 Ntsc4587   0.3333333  8.2222422
3585 Ntsc4632   0.3421053  9.0970213
3637 Ntsc4684   0.3272727  4.0530440
3654 Ntsc4701   0.3835616  8.1992008
3682 Ntsc4729   0.3736264  9.5979642
3711 Ntsc4758   0.3333333  8.3804701
3719 Ntsc4766   0.3285199 10.6716545
3800 Ntsc4847   0.3247863 10.2846686
3844 Ntsc4891   0.3238636 12.4104088
3860 Ntsc4907   0.3500000 11.7811108
3899 Ntsc4946   0.3361345 11.1389192
4046 Ntsc5093   0.3255814 10.1328061
4093 Ntsc5140   0.3333333  8.4253862
4160 Ntsc5207   0.3333333  8.5770108
4267 Ntsc5315   0.3846154  9.0848284
4330 Ntsc5378   0.3243243  7.3282718
4465 Ntsc5513   0.3333333  8.9504598
4629 Ntsc5677   0.3333333 10.1311779
4643 Ntsc5691   0.3333333  7.7493477
4664 Ntsc5712   0.3368421  7.7794275
4811 Ntsc5859   0.3870968 -1.6594755
4838 Ntsc5886   0.3261456  8.4876944
4998 Ntsc6046   0.3529412  5.2635801
5017 Ntsc6065   0.3617021  5.6071112
5063 Ntsc6111   0.3333333  8.6018988
5074 Ntsc6122   0.3333333  9.8031822
5081 Ntsc6129   0.3636364  2.4962612
5113 Ntsc6161   0.3636364  9.7687475
5121 Ntsc6169   0.3333333  9.1421994
5199 Ntsc6247   0.3770492  7.1854276
5262 Ntsc6310   0.3684211  0.2897694
5266 Ntsc6314   0.3388430  5.9311817
5335 Ntsc6383   0.3437500  7.8618521
5527 Ntsc6576   0.3253589  4.4688929
5586 Ntsc6637   0.3291139 10.4269624
5594 Ntsc6645   0.3396226  6.7474765
5603 Ntsc6654   0.4230769  5.0944662
5620 Ntsc6671   0.3478261  8.5398470
5660 Ntsc6711   0.3333333  7.5106119
5662 Ntsc6713   0.3478261  9.7090061
5739 Ntsc6790   0.3367347  8.3717685
5796 Ntsc6847   0.3280632  8.8022670
5836 Ntsc6887   0.3600000  1.1622835
5882 Ntsc6933   0.3302752  4.4943141
5942 Ntsc6993   0.3373494  9.9455758
5991 Ntsc7042   0.3750000  4.7064974
6018 Ntsc7069   0.3333333 -0.9558921
6034 Ntsc7085   0.3684211  5.9187203
6086 Ntsc7137   0.5000000 -2.3034079
6106 Ntsc7157   0.5000000  4.0994399
6108 Ntsc7159   0.3407821  6.8427672
6162 Ntsc7213   0.3448276  8.4616275
6177 Ntsc7228   0.3406593  6.8582307
6269 Ntsc7320   0.3684211  6.8522987
6307 Ntsc7359   0.4545455  9.3312290
6518 Ntsc7570   0.3557692  6.3044725
6584 Ntsc7636   0.3523810 10.3482675
6631 Ntsc7683   0.3248408  7.8065152
6686 Ntsc7739   0.3373494  6.8190758
6795 Ntsc7848   0.3500000  3.3285927
6834 Ntsc7887   0.4054054 -2.0125662
6839 Ntsc7892   0.4285714  9.6263925
6933 Ntsc7986   0.3333333  0.9251283
6964 Ntsc8017   0.5000000  3.5729294
6990 Ntsc8043   0.3888889 10.6545194
7020 Ntsc8073   0.3548387  8.9777099
7028 Ntsc8081   0.3253012  3.6029240
7047 Ntsc8100   0.3448276  7.2236906
7095 Ntsc8148   0.4285714  6.6109871

$L10_sa_sex
       Geneid methylation expression
66   Ntsc1107   0.3201754  8.9652529
100  Ntsc1141   0.3333333  6.7820085
134  Ntsc1175   1.0000000  9.4837223
191  Ntsc1232   0.3203125  8.6043664
241  Ntsc1282   0.3529412  9.2176348
264  Ntsc1305   0.3172043  7.1200403
287  Ntsc1328   0.3357143  6.7541321
334  Ntsc1375   0.3207547  7.2231181
342  Ntsc1383   0.3178295  7.8813127
387  Ntsc1428   0.3913043  7.9108549
404  Ntsc1445   0.3333333 -2.2085699
418  Ntsc1460   0.3513514  6.5331929
420  Ntsc1462   0.5714286  9.2453426
462  Ntsc1504   0.3666667 -1.2851973
520  Ntsc1562   0.3333333  6.4523826
642  Ntsc1684   0.3461538  7.2076948
644  Ntsc1686   0.3333333 -0.8232682
728  Ntsc1770   0.7500000 -2.2541555
808  Ntsc1850   0.3478261  0.3986501
844  Ntsc1886   0.3888889  7.1595832
854  Ntsc1896   0.3333333  8.6008731
935  Ntsc1977   0.3404255  3.9857493
1039 Ntsc2081   0.3333333  7.9798097
1069 Ntsc2111   0.3214286  7.6096704
1085 Ntsc2128   0.3260870  6.4449852
1134 Ntsc2177   0.3333333  7.4288660
1154 Ntsc2197   0.3220339  7.6159160
1190 Ntsc2233   0.3333333  8.6944248
1194 Ntsc2237   0.3225806  4.6983199
1332 Ntsc2375   0.3333333  5.4665536
1374 Ntsc2417   0.3333333  2.1525271
1411 Ntsc2454   0.5000000  2.3683645
1454 Ntsc2497   0.3750000  9.4241010
1456 Ntsc2499   0.3548387  5.5416469
1509 Ntsc2552   0.3333333  6.5500269
1543 Ntsc2586   0.3289474  7.5579026
1556 Ntsc2599   0.3617021  7.3698277
1568 Ntsc2611   0.3243243  1.4350155
1619 Ntsc2662   0.3354232  9.1654217
1628 Ntsc2671   0.3417722  7.0047026
1654 Ntsc2697   0.3432836  8.8975245
1668 Ntsc2711   0.4000000  7.4274262
1977 Ntsc3022   0.3529412 10.1706168
2248 Ntsc3293   0.3333333  7.7313572
2341 Ntsc3386   0.3636364  9.7081945
2635 Ntsc3681   0.3181818  0.3608789
2783 Ntsc3829   0.3888889  3.4701344
2790 Ntsc3836   0.3283582 -2.2565913
2888 Ntsc3934   0.3750000 -2.1051235
2889 Ntsc3935   0.5000000  0.9459770
2906 Ntsc3953   0.3214286  8.6419758
3006 Ntsc4053   0.3768116 10.0610756
3027 Ntsc4074   1.0000000  8.6689343
3102 Ntsc4149   0.3263598  8.7367927
3125 Ntsc4172   0.3181818  7.9721923
3157 Ntsc4204   0.3251232  4.2106306
3277 Ntsc4324   0.3611111 10.6733073
3299 Ntsc4346   0.3333333  8.2721238
3379 Ntsc4426   0.3738318  3.0440704
3391 Ntsc4438   0.3200000  2.5168190
3398 Ntsc4445   0.3231707  7.0625078
3575 Ntsc4622   0.3255814  3.2385783
3641 Ntsc4688   0.3214286 10.8725951
3697 Ntsc4744   0.3193277  4.2642254
3800 Ntsc4847   0.3333333 10.3485859
3876 Ntsc4923   0.3416149  6.6749906
3891 Ntsc4938   0.3176471  7.2964367
4013 Ntsc5060   0.3888889  9.1507703
4491 Ntsc5539   0.3414634  3.7529087
4545 Ntsc5593   0.3846154  6.2449907
4555 Ntsc5603   0.3823529  8.0218956
4620 Ntsc5668   0.3433735  8.9992189
4629 Ntsc5677   0.3333333 10.0399136
4659 Ntsc5707   0.3200000  6.8390315
4688 Ntsc5736   0.3303571  8.2403379
4811 Ntsc5859   0.3225806 -1.6533491
4939 Ntsc5987   0.3402062  7.1063814
4998 Ntsc6046   0.3176471  4.7772552
5007 Ntsc6055   0.3209877  2.5050517
5074 Ntsc6122   0.3333333  9.6512457
5081 Ntsc6129   0.3636364  2.3044437
5083 Ntsc6131   0.3461538 -1.0793015
5113 Ntsc6161   0.3181818  9.4198851
5121 Ntsc6169   0.3827160  9.3001677
5125 Ntsc6173   0.3230769  9.8555203
5155 Ntsc6203   0.3846154  7.1620124
5174 Ntsc6222   0.3500000  8.0860960
5199 Ntsc6247   0.3442623  2.7110671
5273 Ntsc6321   0.3428571 -0.9694773
5351 Ntsc6400   0.5000000  6.5772096
5482 Ntsc6531   0.3308824  8.4345549
5501 Ntsc6550   0.3211679  8.3016632
5546 Ntsc6596   0.3684211  7.4186073
5578 Ntsc6629   0.3939394  7.0096723
5579 Ntsc6630   0.3258427 13.6548199
5586 Ntsc6637   0.3544304 10.7995003
5594 Ntsc6645   0.3207547  6.6867294
5596 Ntsc6647   0.3287671 13.2382574
5603 Ntsc6654   0.3846154  5.8021854
5662 Ntsc6713   0.3315217  9.8511736
5669 Ntsc6720   0.3333333  7.9259341
5959 Ntsc7010   0.3300971  4.2307091
6020 Ntsc7071   0.3260870 10.1822232
6038 Ntsc7089   0.3176471  3.4513804
6077 Ntsc7128   0.3292683  7.6802387
6086 Ntsc7137   0.5000000 -2.3038088
6092 Ntsc7143   0.3206107  4.0100093
6106 Ntsc7157   0.5000000  3.7448311
6162 Ntsc7213   0.3218391  8.0277415
6208 Ntsc7259   0.3200000  7.6046964
6269 Ntsc7320   0.3684211  6.6768524
6272 Ntsc7323   0.3258427  9.6141283
6307 Ntsc7359   0.4545455  9.9539592
6408 Ntsc7460   0.3584229  8.5673044
6510 Ntsc7562   0.3260870  7.3230111
6558 Ntsc7610   0.3308824 10.8417794
6631 Ntsc7683   0.3248408  7.2739630
6671 Ntsc7724   0.3237410  7.4313485
6686 Ntsc7739   0.3253012  6.6225062
6745 Ntsc7798   0.3174603  4.1641907
6752 Ntsc7805   0.3191489  7.0938196
6756 Ntsc7809   0.3229167  7.3489689
6779 Ntsc7832   0.3251029  8.9920829
6839 Ntsc7892   0.3928571  9.6684761
6880 Ntsc7933   0.3823529  7.1841292
6883 Ntsc7936   0.3428571  5.8885308
6891 Ntsc7944   0.3492063  1.8110165
6922 Ntsc7975   0.3589744 -2.0178762
6932 Ntsc7985   0.3913043  6.8761740
6934 Ntsc7987   0.3333333 -0.7919506
6990 Ntsc8043   0.3333333  9.6784173
7028 Ntsc8081   0.3253012  3.6525259
7093 Ntsc8146   0.3300971  7.0911218
7095 Ntsc8148   0.4285714  7.4794984

$L6_BA_sex
       Geneid methylation expression
30   Ntsc1071   0.2763158  7.1006272
97   Ntsc1138   0.5000000  9.0157136
100  Ntsc1141   0.5000000  5.7530969
121  Ntsc1162   0.2842105  8.8295256
178  Ntsc1219   0.2775801 10.1759494
224  Ntsc1265   0.2888889  9.4677285
275  Ntsc1316   0.3043478  7.3895393
339  Ntsc1380   0.3033708  6.9796952
342  Ntsc1383   0.2868217  7.9971504
349  Ntsc1390   0.2821782  8.8184846
362  Ntsc1403   0.2982456  8.1237088
373  Ntsc1414   0.2926829 10.0506034
378  Ntsc1419   0.2777778  9.3378660
379  Ntsc1420   0.2967033  6.1165696
385  Ntsc1426   0.5000000  3.9629143
387  Ntsc1428   0.4782609  7.9902904
420  Ntsc1462   0.2857143 10.1627850
462  Ntsc1504   0.3000000 -1.2741881
481  Ntsc1523   0.3289474  0.5500526
495  Ntsc1537   0.2758621  1.1992594
518  Ntsc1560   0.3000000  6.2759711
557  Ntsc1599   0.2857143  6.8868564
640  Ntsc1682   0.2758621  0.0000000
642  Ntsc1684   0.3076923  7.3080660
660  Ntsc1702   0.2941176 -2.2548693
679  Ntsc1721   0.2883436  8.5629700
692  Ntsc1734   0.3076923  6.0232902
751  Ntsc1793   0.2874016  9.1408275
808  Ntsc1850   0.4782609  1.2669457
821  Ntsc1863   0.2857143  7.9014169
824  Ntsc1866   0.2777778  9.3186922
825  Ntsc1867   0.2747253  0.4142357
854  Ntsc1896   0.2937853  9.1556013
891  Ntsc1933   0.2941176  2.7492982
895  Ntsc1937   0.2789474  7.8025091
971  Ntsc2013   0.2828283 -0.7635762
984  Ntsc2026   0.2795181  8.8679960
1173 Ntsc2216   0.2949640  9.6358259
1177 Ntsc2220   0.3278689  7.9696344
1208 Ntsc2251   0.2800000  8.8733494
1223 Ntsc2266   0.2976190  1.5901210
1266 Ntsc2309   0.2756410  6.3676068
1276 Ntsc2319   0.2894737  7.4372888
1301 Ntsc2344   0.3170732  6.8006673
1307 Ntsc2350   0.2857143  1.1478733
1338 Ntsc2381   0.2835821  8.0611415
1343 Ntsc2386   0.2866242  4.2210096
1371 Ntsc2414   0.2741935  6.7414707
1456 Ntsc2499   0.4193548  5.8928444
1556 Ntsc2599   0.3085106  7.1192974
1557 Ntsc2600   0.2857143 -1.6907776
1628 Ntsc2671   0.2784810  6.5746861
1663 Ntsc2706   0.3069307  6.9823672
1680 Ntsc2723   0.3362832  3.2643137
1787 Ntsc2830   0.2747253 10.4683429
2001 Ntsc3046   0.2909091 -1.4386465
2184 Ntsc3229   0.3076923  6.4382328
2191 Ntsc3236   0.2903226  9.4669227
2241 Ntsc3286   0.2828283  9.7357385
2248 Ntsc3293   0.4444444  7.2457676
2341 Ntsc3386   0.3484848  9.8773367
2356 Ntsc3401   0.2982456 10.5797614
2783 Ntsc3829   0.2777778  3.5708324
2808 Ntsc3854   0.3703704  7.2712878
2889 Ntsc3935   0.3333333  0.9768501
2912 Ntsc3959   0.2923077 -1.6374962
2917 Ntsc3964   0.3411765  6.4273761
3027 Ntsc4074   1.0000000  9.4971916
3147 Ntsc4194   0.2923077  3.8302462
3252 Ntsc4299   0.3060109  8.1235714
3299 Ntsc4346   0.2745098  8.6812487
3396 Ntsc4443   0.3181818  7.2665043
3397 Ntsc4444   0.2771084 10.5186501
3519 Ntsc4566   0.3070175  8.3828488
3666 Ntsc4713   0.3116883  2.9812937
3695 Ntsc4742   0.2748815  7.5062617
3697 Ntsc4744   0.3025210  3.7198949
3745 Ntsc4792   0.2800000 11.3704951
3780 Ntsc4827   0.2815534  6.4470294
3884 Ntsc4931   0.2755102  9.4137914
3891 Ntsc4938   0.2823529  6.9392657
3995 Ntsc5042   0.2903226  0.5791645
4222 Ntsc5269   0.3055556  3.6970564
4267 Ntsc5315   0.3076923 12.2169609
4446 Ntsc5494   0.2807018  8.9055435
4629 Ntsc5677   0.3333333  9.9763328
4658 Ntsc5706   0.2903226  7.7567715
5037 Ntsc6085   0.2828283  3.8475571
5059 Ntsc6107   0.3023256 -1.3070702
5081 Ntsc6129   0.3636364  2.7639847
5091 Ntsc6139   0.2765957  7.2672091
5113 Ntsc6161   0.3636364  9.5032790
5118 Ntsc6166   0.2745098  7.5535552
5155 Ntsc6203   0.3076923  6.6925530
5211 Ntsc6259   0.2928571  7.5809558
5262 Ntsc6310   0.3157895  0.2625670
5283 Ntsc6331   0.2909091 10.8751594
5332 Ntsc6380   0.2919708 11.1362595
5340 Ntsc6388   0.2982456  0.5935560
5446 Ntsc6495   0.2794760  8.9511281
5482 Ntsc6531   0.3161765  8.4086726
5540 Ntsc6590   0.2836879  8.1458717
5577 Ntsc6628   0.3333333  3.7248339
5594 Ntsc6645   0.2830189  5.8758254
5619 Ntsc6670   0.3086420  4.3356888
5624 Ntsc6675   0.2962963  8.2753720
5630 Ntsc6681   0.2857143  2.4119927
5739 Ntsc6790   0.2755102  8.7489878
5836 Ntsc6887   0.2800000  0.8681270
5882 Ntsc6933   0.2752294  3.2290721
5915 Ntsc6966   0.2978723  6.4339310
5941 Ntsc6992   0.2838710  4.2066276
5979 Ntsc7030   0.3043478 10.0627661
6018 Ntsc7069   0.3076923 -0.9562551
6036 Ntsc7087   0.3524590  8.9938378
6067 Ntsc7118   0.2987013  7.7072000
6068 Ntsc7119   0.3333333  0.4414343
6086 Ntsc7137   0.5000000 -2.3042566
6106 Ntsc7157   0.5000000  3.8996615
6162 Ntsc7213   0.3333333  8.0989303
6177 Ntsc7228   0.2747253  6.9824123
6178 Ntsc7229   0.2758621  8.3524508
6269 Ntsc7320   0.3157895  6.2942417
6307 Ntsc7359   0.4545455  9.3831540
6315 Ntsc7367   0.3428571 -2.0691669
6388 Ntsc7440   0.2833333  3.7554069
6795 Ntsc7848   0.3000000  3.2296845
6799 Ntsc7852   0.2800000  3.8982447
6800 Ntsc7853   0.2796610  6.0505113
6803 Ntsc7856   0.2972973  8.5368849
6839 Ntsc7892   0.2857143 10.0734719
6851 Ntsc7904   0.2777778 -0.7365974
6883 Ntsc7936   0.2857143  6.4736364
6935 Ntsc7988   0.3090909 -0.5371210
7067 Ntsc8120   0.3015873 -0.6959835
7095 Ntsc8148   0.2857143  7.3670027
7105 Ntsc8158   0.2872340 11.2512323

$L6_sa_sex
       Geneid methylation expression
80   Ntsc1121   0.3529412  0.1922040
98   Ntsc1139   0.3333333  5.5920701
134  Ntsc1175   0.5000000  9.2813256
186  Ntsc1227   0.3069307  6.4511330
188  Ntsc1229   0.3317308  9.4034075
193  Ntsc1234   0.5000000  7.6136691
224  Ntsc1265   0.3200000  9.0727684
241  Ntsc1282   0.4117647  9.0433221
256  Ntsc1297   0.3310811  7.5569559
269  Ntsc1310   0.3095238  8.0555435
339  Ntsc1380   0.3370787  7.1658273
342  Ntsc1383   0.3178295  8.0753875
357  Ntsc1398   0.3090129  8.8121859
362  Ntsc1403   0.3333333  7.9328481
364  Ntsc1405   0.3333333  7.7133227
393  Ntsc1434   0.3103448  2.2435699
401  Ntsc1442   0.3333333  8.7079481
404  Ntsc1445   0.3333333 -2.2053439
418  Ntsc1460   0.3108108  6.7252163
448  Ntsc1490   0.3136531 11.1501271
462  Ntsc1504   0.3166667 -1.2809525
504  Ntsc1546   0.3068182  3.6349528
520  Ntsc1562   0.3809524  6.4213774
594  Ntsc1636   0.3157895  8.6099913
638  Ntsc1680   0.3571429  5.5241776
642  Ntsc1684   0.4230769  7.3388071
697  Ntsc1739   0.3112245  5.1627447
728  Ntsc1770   0.7500000 -2.2556798
751  Ntsc1793   0.3385827  8.4669702
782  Ntsc1824   0.3437500  2.9779842
787  Ntsc1829   0.3184713 10.6334561
808  Ntsc1850   0.3913043  0.6024172
818  Ntsc1860   0.3305085  7.4837087
854  Ntsc1896   0.3163842  8.7865397
859  Ntsc1901   0.3384615  2.5126692
865  Ntsc1907   0.3400000  7.4477025
871  Ntsc1913   0.3076923  7.1349916
934  Ntsc1976   0.3076923  4.5073247
1177 Ntsc2220   0.3114754  8.5991022
1234 Ntsc2277   0.3076923  7.6362964
1301 Ntsc2344   0.3170732  7.1811699
1307 Ntsc2350   0.4285714  1.1015475
1316 Ntsc2359   0.3095238  7.3151334
1411 Ntsc2454   0.5000000  2.2341093
1422 Ntsc2465   0.3333333  1.5763782
1434 Ntsc2477   0.3174603  9.3794434
1456 Ntsc2499   0.4193548  7.6935115
1498 Ntsc2541   0.3154362  7.7085171
1507 Ntsc2550   0.3125000  9.5949207
1538 Ntsc2581   0.3216783  8.9433128
1563 Ntsc2606   0.3404255  6.3073801
1589 Ntsc2632   0.3081761  9.1626930
1601 Ntsc2644   0.3120567  9.2823677
1623 Ntsc2666   0.3181818  7.2757292
1628 Ntsc2671   0.3164557  6.9289483
1674 Ntsc2717   0.3152709  7.7656706
1680 Ntsc2723   0.3362832  3.5842542
1778 Ntsc2821   0.3144654 10.1851128
2055 Ntsc3100   0.3243243  9.6240924
2248 Ntsc3293   0.3333333  7.5425336
2341 Ntsc3386   0.3333333 10.1423661
2437 Ntsc3482   0.3068182  9.4492429
2591 Ntsc3636   0.3333333  9.3286028
2733 Ntsc3779   0.3188406  9.2035332
2738 Ntsc3784   0.3142857  8.9536715
2751 Ntsc3797   0.3134328  8.4571307
2889 Ntsc3935   0.8333333  0.8422382
2928 Ntsc3975   0.3174603  7.9760282
3006 Ntsc4053   0.3623188  9.7583798
3147 Ntsc4194   0.3230769  4.1465543
3154 Ntsc4201   0.3333333  7.4272888
3277 Ntsc4324   0.3333333 10.5368767
3398 Ntsc4445   0.3414634  7.1537077
3483 Ntsc4530   0.3506494  9.7248060
3654 Ntsc4701   0.3287671  8.1370206
3668 Ntsc4715   0.3142857  3.8742027
3718 Ntsc4765   0.3131868  8.7303148
3780 Ntsc4827   0.3883495  6.8164856
3793 Ntsc4840   0.3684211  8.8785780
3839 Ntsc4886   0.3181818 10.2575769
4093 Ntsc5140   0.3070175  7.9983250
4125 Ntsc5172   0.3065693 10.4578102
4244 Ntsc5291   0.3170732  2.7222008
4629 Ntsc5677   0.3333333  9.6935681
4664 Ntsc5712   0.3263158  7.8996536
4791 Ntsc5839   0.3114754 -2.2559139
5081 Ntsc6129   0.4545455  2.8938271
5090 Ntsc6138   0.3333333  9.0906349
5094 Ntsc6142   0.3065693  8.7656644
5096 Ntsc6144   1.0000000  7.6359671
5121 Ntsc6169   0.3827160  9.0068942
5239 Ntsc6287   0.3421053  7.5131007
5467 Ntsc6516   0.3149606  8.1238975
5546 Ntsc6596   0.3684211  7.0782711
5566 Ntsc6616   0.3333333 -1.6315072
5586 Ntsc6637   0.3417722  9.9625397
5594 Ntsc6645   0.3396226  6.1354251
5596 Ntsc6647   0.3082192 13.2495692
5827 Ntsc6878   0.3139535  2.2653908
5838 Ntsc6889   0.3076923  9.1634897
5908 Ntsc6959   0.3082707 10.2077490
6026 Ntsc7077   0.3262032  7.2847361
6034 Ntsc7085   0.3421053  5.4666552
6036 Ntsc7087   0.3196721  9.8340484
6086 Ntsc7137   0.5000000 -2.3033950
6117 Ntsc7168   0.3448276 13.2639405
6138 Ntsc7189   0.3153153 -0.8412247
6269 Ntsc7320   0.3684211  5.9421514
6315 Ntsc7367   0.3142857 -2.0656551
6388 Ntsc7440   0.3333333  4.9308017
6445 Ntsc7497   0.3207547  6.7858699
6549 Ntsc7601   0.3352601  8.7598586
6557 Ntsc7609   0.3076923  7.3085525
6657 Ntsc7710   0.3380282  4.1879270
6671 Ntsc7724   0.3093525  7.9519382
6742 Ntsc7795   0.3235294  4.2383090
6772 Ntsc7825   0.3084112  7.9252759
6787 Ntsc7840   0.3191489 10.6497928
6795 Ntsc7848   0.3333333  3.8693447
6906 Ntsc7959   0.3291139  9.3543680
6987 Ntsc8040   0.3111111  9.4388020
7016 Ntsc8069   0.3188406  6.3240997
7020 Ntsc8073   0.3225806  7.1523821
7093 Ntsc8146   0.3106796  7.3033482
7105 Ntsc8158   0.3191489 10.4159042

$sito_BA_sex
       Geneid methylation expression
134  Ntsc1175   1.0000000  8.1673863
191  Ntsc1232   0.3359375  9.4153179
241  Ntsc1282   0.4117647  8.7852278
269  Ntsc1310   0.3380952  8.3350592
529  Ntsc1571   0.3333333  6.8131728
642  Ntsc1684   0.3846154  8.1099840
692  Ntsc1734   0.5384615  7.7362775
695  Ntsc1737   0.3333333 -1.6449106
696  Ntsc1738   0.3428571  3.6603823
728  Ntsc1770   0.5000000 -2.2559353
779  Ntsc1821   0.3580247  8.5881052
811  Ntsc1853   0.3825137  8.4085669
844  Ntsc1886   0.3888889  7.0064792
960  Ntsc2002   0.3363636  9.0872684
1008 Ntsc2050   0.3333333  2.0761701
1039 Ntsc2081   0.3410853  8.4185454
1085 Ntsc2128   0.4347826  8.9209172
1173 Ntsc2216   0.3453237  9.8590594
1176 Ntsc2219   0.3510638  8.4875171
1190 Ntsc2233   0.3333333  8.5985675
1196 Ntsc2239   0.4169884  9.5832877
1240 Ntsc2283   0.3860465  8.1433236
1261 Ntsc2304   0.3396226  4.6827729
1411 Ntsc2454   0.5000000  2.3393232
1456 Ntsc2499   0.3870968  8.1804017
1517 Ntsc2560   0.9478673  7.7860756
1557 Ntsc2600   0.3392857 -1.6756214
1579 Ntsc2622   0.3854167  7.1868359
1601 Ntsc2644   0.3333333  8.9649144
1646 Ntsc2689   0.4972678  7.3194695
1668 Ntsc2711   0.3600000  6.7050299
1670 Ntsc2713   0.3373494 10.3314184
1960 Ntsc3005   0.4615385 -1.6169360
2248 Ntsc3293   0.4444444  7.0493570
2302 Ntsc3347   0.7215909  6.3357584
2349 Ntsc3394   0.3411765  8.0436596
2356 Ntsc3401   0.3684211 10.1949094
2382 Ntsc3427   0.3450704 10.4643833
2615 Ntsc3660   0.3486239  4.9401450
2783 Ntsc3829   0.3611111  3.3052363
2829 Ntsc3875   0.3406593  7.6157835
2903 Ntsc3950   0.3455285  9.5200689
3027 Ntsc4074   1.0000000  8.4446574
3277 Ntsc4324   0.3888889 10.1637990
3299 Ntsc4346   0.3823529  9.3573446
3331 Ntsc4378   0.3333333  9.2880173
3391 Ntsc4438   0.3333333  1.8354962
3529 Ntsc4576   0.3524590 13.1481474
3585 Ntsc4632   0.3333333  9.0117863
3745 Ntsc4792   0.3600000  9.1050353
3848 Ntsc4895   0.3373494  8.0775949
3870 Ntsc4917   0.3515152 10.9740360
3876 Ntsc4923   0.3354037  6.7270085
4115 Ntsc5162   0.4733728  8.8297927
4144 Ntsc5191   0.5992063 11.1807904
4145 Ntsc5192   0.6831683  9.1274082
4267 Ntsc5315   0.3846154  6.1861592
4461 Ntsc5509   0.7628705  8.5009954
4574 Ntsc5622   0.3377778  3.9947535
4629 Ntsc5677   0.3333333  9.7587099
5037 Ntsc6085   0.3585859  3.0592092
5042 Ntsc6090   0.3363636  4.5132997
5081 Ntsc6129   0.4545455  3.8861470
5090 Ntsc6138   0.3333333  9.4255482
5096 Ntsc6144   1.0000000  7.0292797
5261 Ntsc6309   0.5550000  9.2517996
5297 Ntsc6345   0.3777778  7.2092284
5378 Ntsc6427   0.3488372  8.8702507
5456 Ntsc6505   0.3333333  7.8085789
5566 Ntsc6616   0.3333333 -1.6334768
5594 Ntsc6645   0.4150943  6.7171326
5603 Ntsc6654   0.3461538  5.0634544
5669 Ntsc6720   0.3492063  9.2854558
5696 Ntsc6747   0.7657658  4.5063363
5979 Ntsc7030   0.3517787  9.4344821
6009 Ntsc7060   0.3714286 -2.3991850
6018 Ntsc7069   0.3589744 -0.8975443
6023 Ntsc7074   0.3500000 12.3129182
6036 Ntsc7087   0.3360656  9.0725954
6064 Ntsc7115   0.3333333  2.1379071
6074 Ntsc7125   0.9102902  8.2985545
6086 Ntsc7137   0.5000000 -2.3035555
6106 Ntsc7157   0.5000000  4.4065911
6177 Ntsc7228   0.3626374  6.6300463
6300 Ntsc7352   0.3560976  9.5118802
6307 Ntsc7359   0.3636364  8.8648015
6429 Ntsc7481   0.3365385  7.9802040
6480 Ntsc7532   0.4310345  2.0236575
6592 Ntsc7644   0.3391304  8.1395909
6616 Ntsc7668   0.3454545  6.3027804
6662 Ntsc7715   0.3567839  4.4356922
6704 Ntsc7757   0.3666667  8.2341683
6707 Ntsc7760   0.3531469 10.4149744
6730 Ntsc7783   0.4210526  9.4972545
6745 Ntsc7798   0.3650794  2.7345673
6795 Ntsc7848   0.3333333  3.6139229
6833 Ntsc7886   0.3500000 -2.1604126
6838 Ntsc7891   0.3714286  2.1341800
6839 Ntsc7892   0.3928571  9.4031248
6933 Ntsc7986   0.3333333  0.8128871
6964 Ntsc8017   0.5000000  4.3727817
7031 Ntsc8084   0.3513514  9.6172129

$sito_sa_sex
       Geneid methylation expression
134  Ntsc1175   1.0000000  8.2649446
150  Ntsc1191   0.3846154  9.4559617
269  Ntsc1310   0.3809524  8.3213133
364  Ntsc1405   0.4444444  7.9752974
387  Ntsc1428   0.3913043  7.4479243
417  Ntsc1459   0.3650794  8.7645302
420  Ntsc1462   0.4285714 11.3948669
493  Ntsc1535   0.3658537  6.0930190
518  Ntsc1560   0.3636364  6.5543365
520  Ntsc1562   0.4285714  6.4797571
594  Ntsc1636   0.4210526  8.7532232
642  Ntsc1684   0.5000000  8.0691080
692  Ntsc1734   0.4615385  7.1494512
698  Ntsc1740   0.3636364  7.2364819
728  Ntsc1770   0.7500000 -2.2558489
739  Ntsc1781   0.3636364  9.6603260
779  Ntsc1821   0.3950617  8.7869977
805  Ntsc1847   0.3655914  6.9080630
808  Ntsc1850   0.4347826  0.3993933
819  Ntsc1861   0.5333333  8.4401396
826  Ntsc1868   0.4021739  6.8999894
899  Ntsc1941   0.3719008  7.3139175
1085 Ntsc2128   0.3913043  7.9566277
1111 Ntsc2154   0.3641026  6.8188737
1196 Ntsc2239   0.4054054  9.5427281
1245 Ntsc2288   0.3947368  8.5887595
1270 Ntsc2313   0.4734513  9.2202670
1307 Ntsc2350   0.4285714  1.3914896
1371 Ntsc2414   0.4032258  6.4039204
1377 Ntsc2420   0.3783784  2.1690347
1411 Ntsc2454   0.5000000  2.4389710
1429 Ntsc2472   0.4375000 -1.9224067
1517 Ntsc2560   0.3744076  8.0998491
1657 Ntsc2700   0.3693182  8.3513688
1668 Ntsc2711   0.4000000  6.5543640
1682 Ntsc2725   0.3877551  1.5210607
1778 Ntsc2821   0.4088050 10.1288487
2248 Ntsc3293   0.4444444  6.2147638
2311 Ntsc3356   0.3723404 10.1805235
2333 Ntsc3378   0.3932584  9.0083819
2356 Ntsc3401   0.4210526 10.3377521
2783 Ntsc3829   0.4166667  3.4728443
2888 Ntsc3934   0.5000000 -2.1133396
2903 Ntsc3950   0.3658537  9.1664966
2918 Ntsc3965   0.4683544  4.3852796
3027 Ntsc4074   1.0000000  8.1178779
3119 Ntsc4166   0.3677419  9.4365707
3297 Ntsc4344   0.3707865  7.6340502
3391 Ntsc4438   0.3733333  1.7259243
3496 Ntsc4543   0.4193548  4.2623706
3532 Ntsc4579   0.3885714  8.1889002
3570 Ntsc4617   0.3636364  9.1776784
3676 Ntsc4723   0.3949580  7.4472006
3745 Ntsc4792   0.4000000  9.7746876
3793 Ntsc4840   0.5263158  8.4682331
3796 Ntsc4843   0.5000000  1.7527898
3800 Ntsc4847   0.3675214 10.6830346
3803 Ntsc4850   0.3641975  8.1572670
4115 Ntsc5162   0.4378698  8.9169967
4144 Ntsc5191   0.7182540 10.8914955
4145 Ntsc5192   0.6600660  9.3205641
4175 Ntsc5222   0.3632075 10.9963797
4254 Ntsc5302   0.3631579 10.1004779
4461 Ntsc5509   0.5491420  8.6080665
4776 Ntsc5824   0.3888889  1.0779384
4902 Ntsc5950   0.3642384  8.7045153
5017 Ntsc6065   0.4255319  6.5719400
5042 Ntsc6090   0.3636364  4.1249878
5053 Ntsc6101   0.3744493  8.0736037
5081 Ntsc6129   0.4090909  3.4367411
5096 Ntsc6144   1.0000000  7.0369360
5113 Ntsc6161   0.4545455 10.0275254
5121 Ntsc6169   0.3827160  8.9795816
5199 Ntsc6247   0.3934426  2.8047591
5259 Ntsc6307   0.3821990  2.5485708
5277 Ntsc6325   0.3727273  8.2546817
5297 Ntsc6345   0.3777778  7.4617001
5300 Ntsc6348   0.4018692  9.5653272
5371 Ntsc6420   0.3789062 12.3019001
5456 Ntsc6505   0.3715278  7.7569601
5524 Ntsc6573   0.4081633 -1.4252688
5546 Ntsc6596   0.4736842  6.5248464
5603 Ntsc6654   0.4230769  5.0475172
5739 Ntsc6790   0.3673469  8.2290604
5898 Ntsc6949   0.3875969  7.8167211
5926 Ntsc6977   0.4016393  4.2287161
5937 Ntsc6988   0.5000000  5.9522797
5960 Ntsc7011   0.3750000 10.9680219
5974 Ntsc7025   0.5200000  1.1766636
5979 Ntsc7030   0.3873518  9.5304327
6007 Ntsc7058   0.4000000  9.3827788
6074 Ntsc7125   0.4749340  8.1065240
6086 Ntsc7137   0.5000000 -2.3007593
6106 Ntsc7157   0.5000000  4.3210580
6160 Ntsc7211   0.3829787  3.9308082
6177 Ntsc7228   0.3846154  6.5859199
6178 Ntsc7229   0.3793103  6.9453398
6269 Ntsc7320   0.4210526  3.4372935
6294 Ntsc7345   0.3944954  7.8197814
6300 Ntsc7352   0.4048780  9.4271400
6518 Ntsc7570   0.3846154  7.6273102
6584 Ntsc7636   0.3904762  8.4837931
6659 Ntsc7712   0.3831776  4.1362903
6662 Ntsc7715   0.3869347  3.5312198
6838 Ntsc7891   0.5095238  2.4069957
6917 Ntsc7970   0.3723404  8.3614122
6964 Ntsc8017   0.5000000  4.5911144
7046 Ntsc8099   0.3684211  0.9161863

